1 870
870 1
2 598
598 2
2 2207
2207 2
2 2887
2887 2
2 670
670 2
2 327
327 2
2 795
795 2
3 2090
2090 3
3 712
712 3
3 2929
2929 3
3 2907
2907 3
3 2039
2039 3
3 18
18 3
3 1560
1560 3
4 452
452 4
4 930
930 4
5 627
627 5
5 774
774 5
6 642
642 6
6 443
443 6
6 687
687 6
6 446
446 6
6 2303
2303 6
6 858
858 6
6 931
931 6
7 2090
2090 7
7 2686
2686 7
7 2508
2508 7
7 3075
3075 7
8 599
599 8
8 679
679 8
8 15
15 8
8 715
715 8
8 716
716 8
8 771
771 8
8 799
799 8
8 870
870 8
8 897
897 8
8 898
898 8
9 561
561 9
9 905
905 9
10 1196
1196 10
11 354
354 11
11 554
554 11
11 184
184 11
11 720
720 11
11 735
735 11
11 201
201 11
12 172
172 12
12 2217
2217 12
12 2201
2201 12
12 2532
2532 12
12 2188
2188 12
12 1642
1642 12
12 3258
3258 12
12 3059
3059 12
12 2277
2277 12
12 2298
2298 12
13 39
39 13
14 749
749 14
15 715
715 15
16 170
170 16
16 3019
3019 16
17 1912
1912 17
18 1542
1542 18
18 1552
1552 18
18 712
712 18
18 2929
2929 18
18 2907
2907 18
18 2039
2039 18
18 1560
1560 18
19 2521
2521 19
19 2495
2495 19
20 848
848 20
21 1200
1200 21
21 840
840 21
22 599
599 22
22 830
830 22
23 2089
2089 23
23 1345
1345 23
23 2511
2511 23
24 1170
1170 24
25 601
601 25
25 1559
1559 25
25 863
863 25
26 782
782 26
26 528
528 26
26 202
202 26
27 1340
1340 27
27 1550
1550 27
27 1192
1192 27
27 802
802 27
27 502
502 27
28 360
360 28
28 2677
2677 28
29 1191
1191 29
29 367
367 29
30 1548
1548 30
31 598
598 31
31 2207
2207 31
31 2887
2887 31
31 670
670 31
31 327
327 31
31 795
795 31
32 2346
2346 32
32 1284
1284 32
32 840
840 32
32 500
500 32
32 2366
2366 32
32 959
959 32
32 2246
2246 32
32 2318
2318 32
32 1686
1686 32
32 2625
2625 32
32 98
98 32
32 2919
2919 32
33 1975
1975 33
34 170
170 34
34 3259
3259 34
34 677
677 34
34 1196
1196 34
34 750
750 34
34 755
755 34
34 798
798 34
34 812
812 34
34 888
888 34
34 899
899 34
34 932
932 34
35 3072
3072 35
36 2134
2134 36
36 2209
2209 36
36 1474
1474 36
36 2039
2039 36
36 3087
3087 36
36 2508
2508 36
36 1352
1352 36
36 196
196 36
36 199
199 36
36 848
848 36
36 2959
2959 36
36 892
892 36
37 354
354 37
37 554
554 37
37 184
184 37
37 720
720 37
37 735
735 37
37 201
201 37
38 870
870 38
39 837
837 39
40 172
172 40
40 2217
2217 40
40 2201
2201 40
40 44
44 40
40 2532
2532 40
40 2188
2188 40
40 1642
1642 40
40 3258
3258 40
40 2448
2448 40
40 3059
3059 40
40 2277
2277 40
40 2298
2298 40
41 735
735 41
42 795
795 42
43 444
444 43
43 887
887 43
44 172
172 44
44 2217
2217 44
45 2032
2032 45
45 2670
2670 45
46 1874
1874 46
46 2577
2577 46
47 2579
2579 47
48 1600
1600 48
49 2092
2092 49
49 1269
1269 49
50 3006
3006 50
51 79
79 51
52 1377
1377 52
53 3154
3154 53
54 61
61 54
54 68
68 54
55 2532
2532 55
56 1595
1595 56
56 1377
1377 56
56 2409
2409 56
56 71
71 56
56 73
73 56
57 2744
2744 57
57 455
455 57
57 2553
2553 57
57 2645
2645 57
57 245
245 57
58 3173
3173 58
58 130
130 58
59 383
383 59
59 2175
2175 59
60 145
145 60
61 2390
2390 61
61 2623
2623 61
62 2412
2412 62
62 1487
1487 62
63 1268
1268 63
64 1850
1850 64
64 2827
2827 64
64 1816
1816 64
64 2575
2575 64
65 1207
1207 65
65 2044
2044 65
66 2634
2634 66
67 2631
2631 67
69 2724
2724 69
69 2564
2564 69
69 166
166 69
69 2952
2952 69
70 724
724 70
70 2564
2564 70
70 2952
2952 70
71 2309
2309 71
71 1382
1382 71
71 2891
2891 71
72 1645
1645 72
73 2138
2138 73
73 2774
2774 73
73 1381
1381 73
73 1461
1461 73
73 1488
1488 73
73 3235
3235 73
73 313
313 73
73 1672
1672 73
74 294
294 74
75 297
297 75
75 2295
2295 75
76 2754
2754 76
76 2951
2951 76
77 2572
2572 77
77 993
993 77
77 994
994 77
78 2533
2533 78
78 1908
1908 78
79 373
373 79
79 228
228 79
79 995
995 79
80 2579
2579 80
81 2230
2230 81
81 1219
1219 81
81 2906
2906 81
82 1590
1590 82
83 2336
2336 83
84 1707
1707 84
85 1471
1471 85
86 1529
1529 86
86 1242
1242 86
87 111
111 87
88 100
100 88
88 268
268 88
88 1055
1055 88
89 2678
2678 89
90 3199
3199 90
91 1083
1083 91
92 1712
1712 92
93 2875
2875 93
93 1744
1744 93
94 1010
1010 94
94 2080
2080 94
95 2476
2476 95
96 518
518 96
96 1059
1059 96
96 2639
2639 96
97 2770
2770 97
97 279
279 97
97 123
123 97
98 2366
2366 98
98 1030
1030 98
98 1454
1454 98
98 127
127 98
99 2366
2366 99
99 1454
1454 99
100 268
268 100
100 1055
1055 100
101 1117
1117 101
102 1023
1023 102
102 1031
1031 102
102 1038
1038 102
102 1039
1039 102
102 1955
1955 102
102 1069
1069 102
102 1750
1750 102
103 499
499 103
103 500
500 103
103 887
887 103
103 2366
2366 103
103 126
126 103
104 113
113 104
105 974
974 105
105 257
257 105
105 3171
3171 105
106 2786
2786 106
106 2017
2017 106
106 2271
2271 106
107 499
499 107
107 2924
2924 107
108 2472
2472 108
109 113
113 109
110 1841
1841 110
112 379
379 112
112 1838
1838 112
114 1400
1400 114
115 1420
1420 115
116 1079
1079 116
117 427
427 117
117 3207
3207 117
118 544
544 118
119 1092
1092 119
120 544
544 120
121 2193
2193 121
121 2486
2486 121
122 3001
3001 122
123 2500
2500 123
123 279
279 123
124 1067
1067 124
125 2686
2686 125
125 589
589 125
127 494
494 127
127 2366
2366 127
128 3183
3183 128
129 1421
1421 129
130 1693
1693 130
130 1710
1710 130
131 765
765 131
132 1342
1342 132
132 647
647 132
132 678
678 132
132 682
682 132
132 485
485 132
132 369
369 132
133 2683
2683 133
133 2684
2684 133
133 2685
2685 133
133 3072
3072 133
133 586
586 133
133 1171
1171 133
133 2798
2798 133
133 2201
2201 133
133 3132
3132 133
133 1204
1204 133
134 1565
1565 134
135 2092
2092 135
135 2508
2508 135
135 1918
1918 135
136 765
765 136
137 809
809 137
137 881
881 137
137 564
564 137
137 2155
2155 137
137 1306
1306 137
137 990
990 137
138 795
795 138
138 813
813 138
139 1473
1473 139
140 1193
1193 140
140 754
754 140
140 1791
1791 140
140 871
871 140
140 2222
2222 140
141 675
675 141
141 446
446 141
141 365
365 141
141 790
790 141
141 800
800 141
142 2199
2199 142
143 2530
2530 143
143 2064
2064 143
143 3246
3246 143
143 390
390 143
143 981
981 143
143 1658
1658 143
144 378
378 144
144 2439
2439 144
144 1487
1487 144
145 1219
1219 145
146 2227
2227 146
147 2707
2707 147
148 2391
2391 148
148 2892
2892 148
149 947
947 149
149 1378
1378 149
150 1543
1543 150
150 2376
2376 150
151 1766
1766 151
151 335
335 151
151 3153
3153 151
151 2537
2537 151
151 1214
1214 151
151 1643
1643 151
151 2554
2554 151
152 459
459 152
153 2072
2072 153
153 207
207 153
153 3011
3011 153
153 2389
2389 153
153 3149
3149 153
153 239
239 153
153 2950
2950 153
154 565
565 154
154 956
956 154
154 979
979 154
154 568
568 154
155 2418
2418 155
155 463
463 155
156 2761
2761 156
156 2406
2406 156
156 3005
3005 156
157 1653
1653 157
158 2909
2909 158
158 2322
2322 158
159 1045
1045 159
160 2941
2941 160
161 2090
2090 161
161 2885
2885 161
162 1879
1879 162
163 2839
2839 163
164 2948
2948 164
164 3244
3244 164
164 288
288 164
165 2028
2028 165
166 1514
1514 166
166 1234
1234 166
166 2952
2952 166
167 433
433 167
167 2293
2293 167
168 1747
1747 168
168 1246
1246 168
168 2860
2860 168
168 1100
1100 168
168 1101
1101 168
168 1119
1119 168
169 2279
2279 169
169 2613
2613 169
170 1473
1473 170
170 630
630 170
170 714
714 170
170 753
753 170
170 772
772 170
170 812
812 170
170 485
485 170
170 369
369 170
170 907
907 170
171 555
555 171
172 2498
2498 172
172 494
494 172
173 555
555 173
174 1789
1789 174
174 2657
2657 174
174 1978
1978 174
174 276
276 174
175 179
179 175
175 2091
2091 175
175 2092
2092 175
175 1872
1872 175
175 2994
2994 175
176 1476
1476 176
177 2955
2955 177
177 1358
1358 177
178 919
919 178
179 1855
1855 179
179 180
180 179
179 692
692 179
179 704
704 179
179 1915
1915 179
179 730
730 179
179 731
731 179
179 2619
2619 179
179 1918
1918 179
179 1284
1284 179
179 839
839 179
179 840
840 179
179 847
847 179
179 867
867 179
180 692
692 180
181 2134
2134 181
181 491
491 181
181 1547
1547 181
181 1449
1449 181
181 484
484 181
181 2059
2059 181
181 1289
1289 181
181 2502
2502 181
181 1343
1343 181
181 2209
2209 181
181 1349
1349 181
181 3015
3015 181
181 2039
2039 181
181 363
363 181
181 2304
2304 181
181 3087
3087 181
181 1973
1973 181
181 2507
2507 181
181 1352
1352 181
181 1563
1563 181
181 1128
1128 181
181 2912
2912 181
181 3053
3053 181
181 1200
1200 181
181 3222
3222 181
181 2362
2362 181
181 2956
2956 181
181 2127
2127 181
181 196
196 181
181 1573
1573 181
181 199
199 181
181 2959
2959 181
181 892
892 181
181 3167
3167 181
182 3221
3221 182
182 2883
2883 182
183 720
720 183
184 554
554 184
184 720
720 184
184 821
821 184
185 722
722 185
185 723
723 185
185 362
362 185
185 1201
1201 185
185 502
502 185
186 724
724 186
186 362
362 186
186 790
790 186
187 870
870 187
188 2993
2993 188
188 2907
2907 188
188 1978
1978 188
188 1984
1984 188
189 2798
2798 189
190 3098
3098 190
190 2134
2134 190
190 2708
2708 190
190 3087
3087 190
190 290
290 190
190 291
291 190
190 1786
1786 190
190 1789
1789 190
190 2360
2360 190
190 2657
2657 190
190 1790
1790 190
190 2641
2641 190
190 1793
1793 190
190 2517
2517 190
190 2218
2218 190
190 3066
3066 190
190 371
371 190
190 2630
2630 190
190 975
975 190
190 992
992 190
190 2494
2494 190
191 1921
1921 191
192 720
720 192
193 1974
1974 193
193 1919
1919 193
194 322
322 194
194 2782
2782 194
195 824
824 195
195 2958
2958 195
196 2686
2686 196
196 1343
1343 196
196 2907
2907 196
196 2041
2041 196
196 2127
2127 196
196 2979
2979 196
196 199
199 196
196 848
848 196
197 2520
2520 197
198 625
625 198
198 735
735 198
198 837
837 198
199 1343
1343 199
199 2907
2907 199
199 2039
2039 199
199 2127
2127 199
199 2979
2979 199
199 848
848 199
199 892
892 199
200 687
687 200
200 877
877 200
200 1029
1029 200
202 591
591 202
202 1907
1907 202
203 795
795 203
203 3009
3009 203
203 927
927 203
203 929
929 203
204 1368
1368 204
204 1928
1928 204
204 458
458 204
204 226
226 204
204 1142
1142 204
204 1668
1668 204
205 1479
1479 205
205 2237
2237 205
205 2406
2406 205
205 2562
2562 205
205 1485
1485 205
205 1674
1674 205
205 464
464 205
205 2260
2260 205
205 2010
2010 205
206 247
247 206
207 2950
2950 207
208 2668
2668 208
209 2072
2072 209
209 2695
2695 209
209 3011
3011 209
209 2074
2074 209
209 2075
2075 209
209 2241
2241 209
209 2158
2158 209
209 1388
1388 209
209 243
243 209
209 2697
2697 209
210 2092
2092 210
210 2962
2962 210
210 1269
1269 210
210 953
953 210
211 1958
1958 211
212 2716
2716 212
212 2378
2378 212
213 1960
1960 213
213 3227
3227 213
214 505
505 214
214 1451
1451 214
215 1624
1624 215
216 1216
1216 216
216 992
992 216
217 1585
1585 217
217 1801
1801 217
218 2229
2229 218
218 2951
2951 218
219 2716
2716 219
219 1597
1597 219
219 1483
1483 219
219 2969
2969 219
220 1662
1662 220
220 2570
2570 220
220 3254
3254 220
221 1662
1662 221
222 1662
1662 222
222 2570
2570 222
222 3254
3254 222
223 3109
3109 223
223 2829
2829 223
223 2931
2931 223
223 2715
2715 223
223 337
337 223
223 957
957 223
223 996
996 223
224 1173
1173 224
224 1559
1559 224
224 1179
1179 224
224 1639
1639 224
224 2422
2422 224
225 934
934 225
225 334
334 225
225 1603
1603 225
225 1625
1625 225
225 2077
2077 225
225 2442
2442 225
226 2348
2348 226
226 458
458 226
226 232
232 226
227 3185
3185 227
227 3190
3190 227
229 294
294 229
230 2314
2314 230
231 3212
3212 231
231 1893
1893 231
232 1368
1368 232
232 1928
1928 232
232 458
458 232
232 1142
1142 232
232 1668
1668 232
233 248
248 233
234 1371
1371 234
235 3240
3240 235
235 580
580 235
235 581
581 235
235 582
582 235
235 1391
1391 235
235 1669
1669 235
236 2159
2159 236
237 1601
1601 237
238 375
375 238
238 2559
2559 238
238 1168
1168 238
239 2950
2950 239
240 1874
1874 240
241 2932
2932 241
241 1605
1605 241
242 960
960 242
243 2716
2716 243
244 298
298 244
244 2251
2251 244
244 1930
1930 244
244 2846
2846 244
244 398
398 244
245 455
455 245
245 1675
1675 245
246 2373
2373 246
246 510
510 246
246 513
513 246
247 2801
2801 247
247 297
297 247
247 2395
2395 247
248 334
334 248
249 3020
3020 249
249 3243
3243 249
249 2948
2948 249
249 3244
3244 249
250 573
573 250
250 574
574 250
251 2617
2617 251
252 1691
1691 252
252 1752
1752 252
253 1716
1716 253
254 2306
2306 254
254 2468
2468 254
255 264
264 255
255 265
265 255
256 2275
2275 256
258 1097
1097 258
259 1084
1084 259
260 2588
2588 260
261 2493
2493 261
262 1003
1003 262
263 314
314 263
263 315
315 263
264 265
265 264
265 1050
1050 265
265 1051
1051 265
265 1052
1052 265
266 2051
2051 266
267 2490
2490 267
268 1055
1055 268
269 1418
1418 269
270 2530
2530 270
270 3093
3093 270
271 2859
2859 271
271 1149
1149 271
271 3139
3139 271
272 1404
1404 272
273 3024
3024 273
274 2062
2062 274
275 1864
1864 275
275 1453
1453 275
275 2036
2036 275
275 1431
1431 275
275 439
439 275
276 3159
3159 276
276 1332
1332 276
277 2717
2717 277
278 2281
2281 278
279 2770
2770 279
279 2144
2144 279
279 2840
2840 279
279 2145
2145 279
279 1745
1745 279
280 1416
1416 280
280 2120
2120 280
281 1723
1723 281
282 344
344 282
283 2619
2619 283
283 2445
2445 283
283 2491
2491 283
284 2724
2724 284
284 1001
1001 284
285 2193
2193 285
285 2486
2486 285
286 2589
2589 286
286 3166
3166 286
287 2070
2070 287
287 2030
2030 287
288 2948
2948 288
288 3244
3244 288
289 3060
3060 289
289 3062
3062 289
289 3063
3063 289
289 3064
3064 289
289 3065
3065 289
289 1351
1351 289
289 2307
2307 289
289 3222
3222 289
289 3036
3036 289
289 3102
3102 289
289 2630
2630 289
289 2715
2715 289
290 2362
2362 290
291 3060
3060 291
291 3062
3062 291
291 3063
3063 291
291 3064
3064 291
291 3065
3065 291
291 1351
1351 291
291 2307
2307 291
291 3222
3222 291
291 3036
3036 291
291 3102
3102 291
291 371
371 291
291 2630
2630 291
291 2715
2715 291
291 1298
1298 291
291 1948
1948 291
291 1949
1949 291
292 1326
1326 292
293 3181
3181 293
293 334
334 293
294 1950
1950 294
294 2551
2551 294
295 2664
2664 295
296 2986
2986 296
298 2414
2414 298
298 2416
2416 298
298 2846
2846 298
298 398
398 298
299 462
462 299
300 2622
2622 300
300 1667
1667 300
300 2320
2320 300
301 2981
2981 301
301 1721
1721 301
302 2027
2027 302
303 2284
2284 303
304 305
305 304
305 2787
2787 305
306 1969
1969 306
306 689
689 306
306 1499
1499 306
306 2835
2835 306
306 1567
1567 306
306 2040
2040 306
306 308
308 306
307 870
870 307
307 2773
2773 307
308 684
684 308
308 2089
2089 308
308 1345
1345 308
308 1499
1499 308
308 711
711 308
308 2835
2835 308
309 1367
1367 309
310 505
505 310
310 2046
2046 310
311 1650
1650 311
312 2946
2946 312
312 532
532 312
312 973
973 312
313 1461
1461 313
313 3235
3235 313
313 1672
1672 313
316 2100
2100 316
317 1089
1089 317
318 1817
1817 318
319 692
692 319
319 588
588 319
320 321
321 320
322 649
649 322
322 702
702 322
322 330
330 322
322 869
869 322
323 838
838 323
323 933
933 323
324 562
562 324
324 826
826 324
324 331
331 324
324 932
932 324
325 3241
3241 325
326 1464
1464 326
327 632
632 327
327 1907
1907 327
327 328
328 327
327 483
483 327
327 880
880 327
328 329
329 328
329 632
632 329
330 702
702 330
331 823
823 331
331 562
562 331
331 826
826 331
331 907
907 331
332 2181
2181 332
332 2358
2358 332
332 365
365 332
332 858
858 332
333 838
838 333
333 933
933 333
334 2953
2953 334
334 1588
1588 334
334 350
350 334
334 567
567 334
334 2574
2574 334
335 1766
1766 335
335 1214
1214 335
336 1766
1766 336
337 2980
2980 337
337 1628
1628 337
338 1850
1850 338
338 1992
1992 338
338 2195
2195 338
338 1816
1816 338
338 1437
1437 338
339 2891
2891 339
339 2748
2748 339
340 1891
1891 340
340 1893
1893 340
340 1399
1399 340
341 1705
1705 341
342 1347
1347 342
342 2597
2597 342
343 1720
1720 343
344 2786
2786 344
344 2595
2595 344
344 2271
2271 344
344 1965
1965 344
345 2591
2591 345
345 1111
1111 345
345 2617
2617 345
346 2587
2587 346
347 602
602 347
347 348
348 347
347 870
870 347
348 869
869 348
348 873
873 348
349 1434
1434 349
349 2567
2567 349
349 550
550 349
350 389
389 350
350 2578
2578 350
351 2985
2985 351
351 1443
1443 351
351 1758
1758 351
352 2567
2567 352
353 2849
2849 353
355 2365
2365 355
356 1542
1542 356
356 491
491 356
356 1552
1552 356
356 2619
2619 356
356 1510
1510 356
356 1359
1359 356
356 1642
1642 356
356 1512
1512 356
356 2703
2703 356
356 1513
1513 356
357 1869
1869 357
358 2683
2683 358
358 2684
2684 358
358 2685
2685 358
359 2686
2686 359
359 810
810 359
361 604
604 361
361 2737
2737 361
362 722
722 362
362 724
724 362
362 1201
1201 362
362 2578
2578 362
363 1547
1547 363
363 2686
2686 363
363 2907
2907 363
363 2306
2306 363
363 1976
1976 363
363 1510
1510 363
364 451
451 364
364 2994
2994 364
365 649
649 365
366 1570
1570 366
367 1199
1199 367
367 899
899 367
368 2862
2862 368
368 2153
2153 368
369 2904
2904 369
370 656
656 370
370 762
762 370
371 3060
3060 371
371 3062
3062 371
371 2708
2708 371
371 3063
3063 371
371 3064
3064 371
371 2070
2070 371
371 2041
2041 371
371 2517
2517 371
371 2218
2218 371
371 3036
3036 371
371 3102
3102 371
371 3066
3066 371
371 2630
2630 371
372 3098
3098 372
372 1557
1557 372
372 1572
1572 372
374 2138
2138 374
374 1458
1458 374
374 1381
1381 374
375 1934
1934 375
375 3121
3121 375
375 3123
3123 375
376 490
490 376
376 2093
2093 376
376 2417
2417 376
377 1574
1574 377
377 1310
1310 377
378 2983
2983 378
379 1359
1359 379
380 2524
2524 380
380 2547
2547 380
381 952
952 381
382 1373
1373 382
383 1373
1373 383
384 3048
3048 384
385 1305
1305 385
386 2688
2688 386
387 1583
1583 387
387 3209
3209 387
387 1994
1994 387
388 2900
2900 388
388 2548
2548 388
388 2872
2872 388
388 2873
2873 388
389 2367
2367 389
389 2371
2371 389
389 2531
2531 389
389 1680
1680 389
389 1685
1685 389
391 2841
2841 391
391 2842
2842 391
392 2496
2496 392
392 3180
3180 392
392 580
580 392
392 581
581 392
393 967
967 393
393 462
462 393
394 1360
1360 394
394 1138
1138 394
394 1143
1143 394
395 1930
1930 395
396 1541
1541 396
396 1577
1577 396
396 1186
1186 396
396 454
454 396
396 2096
2096 396
397 2561
2561 397
397 1501
1501 397
398 1812
1812 398
398 1930
1930 398
398 2846
2846 398
399 1800
1800 399
399 2881
2881 399
399 3217
3217 399
399 3091
3091 399
400 490
490 400
400 1198
1198 400
400 2093
2093 400
400 1359
1359 400
400 1220
1220 400
400 1226
1226 400
400 2573
2573 400
401 1856
1856 401
401 1859
1859 401
402 3187
3187 402
402 3251
3251 402
403 3152
3152 403
404 2586
2586 404
404 1150
1150 404
404 438
438 404
405 436
436 405
405 1498
1498 405
406 410
410 406
406 1535
1535 406
407 2612
2612 407
408 1261
1261 408
408 413
413 408
409 3013
3013 409
409 2751
2751 409
410 3187
3187 410
410 3251
3251 410
411 1744
1744 411
412 2266
2266 412
413 1261
1261 413
414 1413
1413 414
415 1532
1532 415
416 1836
1836 416
417 2020
2020 417
418 2196
2196 418
418 2329
2329 418
418 2816
2816 418
419 1001
1001 419
419 2850
2850 419
420 2111
2111 420
421 2341
2341 421
422 1719
1719 422
423 2674
2674 423
424 1080
1080 424
424 589
589 424
425 2277
2277 425
426 2601
2601 426
426 2610
2610 426
427 3207
3207 427
428 3123
3123 428
429 1328
1328 429
429 550
550 429
429 1330
1330 429
430 2614
2614 430
431 2276
2276 431
432 2016
2016 432
434 569
569 434
434 2035
2035 434
435 1830
1830 435
435 3123
3123 435
436 1498
1498 436
437 1516
1516 437
438 703
703 438
439 1717
1717 439
440 1432
1432 440
441 2274
2274 441
442 1783
1783 442
443 609
609 443
443 669
669 443
443 446
446 443
443 447
447 443
443 858
858 443
443 890
890 443
445 2359
2359 445
446 639
639 446
446 643
643 446
446 661
661 446
446 707
707 446
446 447
447 446
446 2303
2303 446
446 1196
1196 446
446 2364
2364 446
447 610
610 447
447 642
642 447
447 687
687 447
447 2954
2954 447
447 2303
2303 447
447 858
858 447
447 931
931 447
448 687
687 448
448 2354
2354 448
449 1561
1561 449
450 1975
1975 450
450 3222
3222 450
451 1266
1266 451
451 2865
2865 451
451 1267
1267 451
451 2868
2868 451
453 768
768 453
453 483
483 453
454 1577
1577 454
454 1587
1587 454
454 2096
2096 454
455 1724
1724 455
456 2754
2754 456
456 2092
2092 456
456 1310
1310 456
456 1065
1065 456
457 2430
2430 457
457 2006
2006 457
459 2176
2176 459
460 1609
1609 460
460 1611
1611 460
460 1698
1698 460
461 1206
1206 461
461 1210
1210 461
461 1630
1630 461
462 966
966 462
462 967
967 462
463 2421
2421 463
463 1254
1254 463
463 2644
2644 463
463 1487
1487 463
465 2571
2571 465
465 2705
2705 465
466 1506
1506 466
467 1698
1698 467
468 2583
2583 468
469 1348
1348 469
469 2600
2600 469
469 1063
1063 469
470 1348
1348 470
470 1979
1979 470
470 2454
2454 470
470 1861
1861 470
471 515
515 471
472 1504
1504 472
472 2330
2330 472
473 2608
2608 473
474 2596
2596 474
475 1169
1169 475
475 2994
2994 475
476 1233
1233 476
477 1062
1062 477
478 1936
1936 478
479 480
480 479
479 481
481 479
479 482
482 479
479 778
778 479
479 502
502 479
479 2769
2769 479
480 482
482 480
480 496
496 480
480 498
498 480
480 802
802 480
480 502
502 480
481 482
482 481
481 496
496 481
481 498
498 481
481 802
802 481
481 502
502 481
481 2769
2769 481
482 498
498 482
482 802
802 482
482 2769
2769 482
483 616
616 483
483 686
686 483
483 770
770 483
483 908
908 483
483 913
913 483
484 2907
2907 484
484 2039
2039 484
484 2507
2507 484
484 3075
3075 484
484 1580
1580 484
486 1132
1132 486
487 510
510 487
487 2725
2725 487
488 1559
1559 488
488 2061
2061 488
489 2332
2332 489
490 2092
2092 490
490 1562
1562 490
490 2230
2230 490
490 1207
1207 490
490 1630
1630 490
490 2417
2417 490
490 1664
1664 490
490 1675
1675 490
491 558
558 491
491 2907
2907 491
492 1869
1869 492
492 2091
2091 492
492 2930
2930 492
492 2092
2092 492
492 1975
1975 492
492 1198
1198 492
492 1574
1574 492
492 2962
2962 492
492 1207
1207 492
492 1630
1630 492
492 1220
1220 492
492 1664
1664 492
493 684
684 493
493 711
711 493
493 1558
1558 493
493 1560
1560 493
493 2818
2818 493
494 1283
1283 494
494 2498
2498 494
494 2091
2091 494
494 1284
1284 494
494 2201
2201 494
494 2366
2366 494
494 2129
2129 494
495 548
548 495
495 732
732 495
496 1339
1339 496
496 662
662 496
496 825
825 496
496 502
502 496
497 1467
1467 497
497 1193
1193 497
497 2222
2222 497
498 631
631 498
498 802
802 498
498 1514
1514 498
498 502
502 498
498 503
503 498
499 1200
1200 499
499 1220
1220 499
499 2438
2438 499
499 3230
3230 499
500 2088
2088 500
500 558
558 500
500 811
811 500
500 3222
3222 500
500 1574
1574 500
500 1927
1927 500
500 2438
2438 500
500 2000
2000 500
500 2972
2972 500
501 747
747 501
501 813
813 501
502 2347
2347 502
502 776
776 502
502 802
802 502
502 2730
2730 502
503 1192
1192 503
503 802
802 503
504 2528
2528 504
504 1884
1884 504
504 1383
1383 504
504 1528
1528 504
504 2560
2560 504
505 1451
1451 505
506 2154
2154 506
506 3103
3103 506
506 1212
1212 506
506 1384
1384 506
507 1609
1609 507
507 1611
1611 507
508 2096
2096 508
509 1465
1465 509
509 1466
1466 509
509 1467
1467 509
509 1468
1468 509
509 1469
1469 509
509 1470
1470 509
509 3178
3178 509
509 3011
3011 509
509 2548
2548 509
510 1599
1599 510
510 2388
2388 510
510 2725
2725 510
510 513
513 510
510 2951
2951 510
511 2804
2804 511
511 2188
2188 511
512 3082
3082 512
512 2546
2546 512
513 2775
2775 513
513 2634
2634 513
514 954
954 514
516 1047
1047 516
516 1109
1109 516
517 2957
2957 517
517 3012
3012 517
519 1413
1413 519
520 1321
1321 520
521 1080
1080 521
522 1073
1073 522
523 2957
2957 523
523 3012
3012 523
524 1688
1688 524
524 1695
1695 524
524 3245
3245 524
524 2733
2733 524
524 1413
1413 524
525 2793
2793 525
526 1022
1022 526
527 3178
3178 527
527 1845
1845 527
528 611
611 528
528 686
686 528
528 933
933 528
529 2946
2946 529
529 1764
1764 529
529 532
532 529
529 549
549 529
529 973
973 529
529 983
983 529
530 2946
2946 530
530 1764
1764 530
530 973
973 530
531 2836
2836 531
531 1678
1678 531
532 534
534 532
533 2199
2199 533
535 1308
1308 535
535 1399
1399 535
536 1224
1224 536
537 1230
1230 537
538 2217
2217 538
538 2448
2448 538
538 1103
1103 538
539 547
547 539
540 2130
2130 540
541 1048
1048 541
542 1008
1008 542
543 1240
1240 543
544 1046
1046 544
545 722
722 545
545 724
724 545
545 546
546 545
547 723
723 547
547 1080
1080 547
548 732
732 548
548 814
814 548
548 875
875 548
548 893
893 548
548 956
956 548
549 949
949 549
549 962
962 549
551 956
956 551
551 1099
1099 551
552 2144
2144 552
552 1282
1282 552
552 2145
2145 552
553 555
555 553
553 556
556 553
554 2301
2301 554
554 720
720 554
554 798
798 554
555 1122
1122 555
555 790
790 555
555 800
800 555
555 806
806 555
555 828
828 555
555 899
899 555
555 919
919 555
555 924
924 555
556 1191
1191 556
556 890
890 556
556 919
919 556
557 2348
2348 557
557 1357
1357 557
558 623
623 558
558 2088
2088 558
558 2090
2090 558
558 1127
1127 558
558 2092
2092 558
558 1352
1352 558
558 2093
2093 558
558 1509
1509 558
559 3241
3241 559
560 784
784 560
560 786
786 560
560 790
790 560
561 716
716 561
561 909
909 561
562 823
823 562
562 870
870 562
562 903
903 562
563 1472
1472 563
563 1477
1477 563
563 1478
1478 563
564 1517
1517 564
564 2843
2843 564
564 613
613 564
564 685
685 564
564 1518
1518 564
564 703
703 564
564 2302
2302 564
564 739
739 564
564 753
753 564
564 791
791 564
564 881
881 564
564 894
894 564
565 2240
2240 565
565 1219
1219 565
566 2577
2577 566
568 979
979 568
570 576
576 570
571 2704
2704 571
572 577
577 572
575 1032
1032 575
575 1320
1320 575
575 1092
1092 575
575 1109
1109 575
578 579
579 578
580 3180
3180 580
580 2524
2524 580
580 2380
2380 580
580 582
582 580
580 2156
2156 580
581 3180
3180 581
581 2524
2524 581
581 2380
2380 581
581 582
582 581
581 2156
2156 581
582 3180
3180 582
582 2524
2524 582
582 2434
2434 582
583 1160
1160 583
584 1165
1165 584
585 2767
2767 585
586 735
735 586
587 921
921 587
588 692
692 588
590 1765
1765 590
591 611
611 591
591 686
686 591
591 1907
1907 591
592 1907
1907 592
593 2309
2309 593
593 1487
1487 593
594 596
596 594
595 2286
2286 595
597 912
912 597
598 603
603 598
598 1199
1199 598
599 645
645 599
599 682
682 599
599 3002
3002 599
599 916
916 599
600 716
716 600
600 905
905 600
601 1907
1907 601
601 1199
1199 601
601 861
861 601
602 870
870 602
603 1199
1199 603
605 682
682 605
606 3226
3226 606
606 747
747 606
606 795
795 606
606 854
854 606
607 795
795 607
608 1907
1907 608
608 933
933 608
609 644
644 609
609 653
653 609
609 727
727 609
609 740
740 609
609 784
784 609
609 788
788 609
609 801
801 609
609 870
870 609
609 872
872 609
610 2132
2132 610
611 1907
1907 611
612 870
870 612
613 791
791 613
613 809
809 613
614 824
824 614
614 2958
2958 614
615 870
870 615
617 2659
2659 617
617 924
924 617
618 790
790 618
618 800
800 618
618 829
829 618
619 657
657 619
619 902
902 619
620 807
807 620
621 870
870 621
622 828
828 622
622 924
924 622
623 1855
1855 623
623 2088
2088 623
623 2619
2619 623
623 2835
2835 623
623 1523
1523 623
623 772
772 623
623 2168
2168 623
623 840
840 623
623 3100
3100 623
623 2783
2783 623
624 763
763 624
624 764
764 624
624 844
844 624
625 735
735 625
625 837
837 625
626 762
762 626
627 636
636 627
627 3259
3259 627
627 641
641 627
628 699
699 628
628 871
871 628
629 771
771 629
633 726
726 633
634 714
714 634
634 852
852 634
635 795
795 635
635 854
854 635
635 856
856 635
635 880
880 635
636 774
774 636
637 699
699 637
637 1363
1363 637
638 795
795 638
638 851
851 638
638 854
854 638
639 700
700 639
640 743
743 640
640 870
870 640
641 774
774 641
642 931
931 642
643 738
738 643
643 745
745 643
644 669
669 644
645 766
766 645
645 770
770 645
645 916
916 645
646 777
777 646
646 830
830 646
646 874
874 646
646 920
920 646
648 878
878 648
649 690
690 649
649 1346
1346 649
649 756
756 649
649 869
869 649
650 748
748 650
650 857
857 650
651 726
726 651
651 749
749 651
652 2708
2708 652
652 3063
3063 652
652 2907
2907 652
652 1772
1772 652
652 3102
3102 652
652 3066
3066 652
653 669
669 653
654 870
870 654
655 870
870 655
655 914
914 655
656 760
760 656
656 854
854 656
658 781
781 658
659 833
833 659
659 834
834 659
659 835
835 659
660 796
796 660
660 888
888 660
662 670
670 662
662 802
802 662
663 706
706 663
663 793
793 663
664 800
800 664
665 799
799 665
665 877
877 665
666 2307
2307 666
667 790
790 667
667 924
924 667
668 788
788 668
669 727
727 669
669 740
740 669
669 784
784 669
669 788
788 669
670 746
746 670
670 795
795 670
670 1570
1570 670
671 715
715 671
671 771
771 671
671 783
783 671
671 799
799 671
671 846
846 671
671 897
897 671
672 726
726 672
672 790
790 672
672 800
800 672
673 858
858 673
673 870
870 673
673 919
919 673
674 820
820 674
674 932
932 674
675 2363
2363 675
675 898
898 675
676 717
717 676
677 2925
2925 677
679 799
799 679
680 735
735 680
681 2659
2659 681
683 821
821 683
683 855
855 683
684 1969
1969 684
684 1545
1545 684
684 2903
2903 684
684 1851
1851 684
684 2913
2913 684
684 1567
1567 684
686 1907
1907 686
686 795
795 686
686 812
812 686
687 771
771 687
687 858
858 687
688 790
790 688
689 1969
1969 689
689 735
735 689
689 1567
1567 689
689 2961
2961 689
690 3178
3178 690
691 870
870 691
692 2575
2575 692
693 696
696 693
694 696
696 694
694 795
795 694
694 802
802 694
694 873
873 694
695 696
696 695
695 795
795 695
695 802
802 695
697 726
726 697
697 785
785 697
698 3221
3221 698
698 844
844 698
699 751
751 699
699 752
752 699
699 753
753 699
700 800
800 700
701 718
718 701
701 831
831 701
703 1371
1371 703
703 2085
2085 703
704 1043
1043 704
705 876
876 705
706 817
817 706
707 1348
1348 707
707 2600
2600 707
708 1907
1907 708
709 1907
1907 709
710 2359
2359 710
710 798
798 710
711 1969
1969 711
711 1545
1545 711
711 2903
2903 711
711 1851
1851 711
711 1567
1567 711
711 2961
2961 711
712 2059
2059 712
712 2088
2088 712
712 2929
2929 712
712 1560
1560 712
712 1030
1030 712
712 2475
2475 712
712 2942
2942 712
713 809
809 713
713 907
907 713
714 779
779 714
714 780
780 714
714 810
810 714
714 1202
1202 714
715 771
771 715
715 897
897 715
716 733
733 716
716 797
797 716
717 769
769 717
717 808
808 717
718 1121
1121 718
718 2181
2181 718
718 769
769 718
718 771
771 718
718 792
792 718
718 831
831 718
718 900
900 718
718 917
917 718
719 748
748 719
719 870
870 719
719 1883
1883 719
719 2737
2737 719
721 906
906 721
722 723
723 722
722 724
724 722
722 1201
1201 722
724 1201
1201 724
724 952
952 724
725 2757
2757 725
725 870
870 725
726 727
727 726
726 767
767 726
726 785
785 726
726 918
918 726
727 790
790 727
728 858
858 728
729 2303
2303 729
729 852
852 729
729 858
858 729
730 731
731 730
731 1915
1915 731
732 893
893 732
733 748
748 733
734 870
870 734
735 1172
1172 735
735 915
915 735
736 852
852 736
737 857
857 737
738 1464
1464 738
738 858
858 738
741 870
870 741
742 743
743 742
744 1195
1195 744
744 890
890 744
744 919
919 744
745 777
777 745
748 819
819 748
748 868
868 748
748 870
870 748
748 1883
1883 748
748 902
902 748
749 870
870 749
749 871
871 749
753 2756
2756 753
753 2758
2758 753
753 1350
1350 753
754 1193
1193 754
754 1194
1194 754
754 1791
1791 754
754 871
871 754
755 854
854 755
755 870
870 755
756 870
870 756
757 870
870 757
758 870
870 758
759 870
870 759
760 761
761 760
760 852
852 760
762 1464
1464 762
762 870
870 762
763 764
764 763
763 844
844 763
764 924
924 764
765 841
841 765
765 918
918 765
767 1195
1195 767
767 800
800 767
768 2564
2564 768
768 2492
2492 768
769 830
830 769
769 844
844 769
770 870
870 770
773 850
850 773
774 3259
3259 774
775 776
776 775
775 870
870 775
776 2213
2213 776
776 870
870 776
778 802
802 778
779 2500
2500 779
779 2770
2770 779
779 1870
1870 779
779 2522
2522 779
780 1970
1970 780
781 872
872 781
782 908
908 782
784 786
786 784
784 787
787 784
785 921
921 785
786 787
787 786
786 788
788 786
787 788
788 787
789 1346
1346 789
789 1194
1194 789
789 1791
1791 789
790 1195
1195 790
790 829
829 790
790 919
919 790
790 920
920 790
790 925
925 790
790 928
928 790
790 932
932 790
793 1342
1342 793
793 795
795 793
793 817
817 793
794 924
924 794
795 1339
1339 795
795 1346
1346 795
795 802
802 795
795 1199
1199 795
795 849
849 795
795 850
850 795
795 854
854 795
795 867
867 795
795 880
880 795
796 888
888 796
798 895
895 798
798 924
924 798
799 877
877 799
799 897
897 799
800 1122
1122 800
800 801
801 800
800 820
820 800
800 829
829 800
800 883
883 800
800 919
919 800
800 920
920 800
800 924
924 800
800 932
932 800
801 3133
3133 801
801 924
924 801
802 2757
2757 802
802 1192
1192 802
802 807
807 802
802 822
822 802
802 825
825 802
802 864
864 802
802 865
865 802
802 1797
1797 802
802 883
883 802
802 891
891 802
803 883
883 803
804 2346
2346 804
804 1284
1284 804
804 2151
2151 804
804 2152
2152 804
804 839
839 804
804 2129
2129 804
805 806
806 805
807 1943
1943 807
808 1087
1087 808
809 881
881 809
809 1306
1306 809
809 990
990 809
810 3019
3019 810
810 2367
2367 810
811 2346
2346 811
811 1284
1284 811
811 840
840 811
811 2366
2366 811
811 2318
2318 811
811 2919
2919 811
814 956
956 814
815 829
829 815
815 870
870 815
815 899
899 815
816 883
883 816
818 834
834 818
819 820
820 819
820 2203
2203 820
820 843
843 820
821 1473
1473 821
821 838
838 821
821 854
854 821
821 856
856 821
821 870
870 821
823 870
870 823
823 932
932 823
824 875
875 824
825 2347
2347 825
825 2730
2730 825
827 870
870 827
827 932
932 827
828 919
919 828
829 919
919 829
829 924
924 829
830 1780
1780 830
830 2351
2351 830
830 2359
2359 830
830 2342
2342 830
830 2983
2983 830
830 853
853 830
830 2309
2309 830
830 882
882 830
832 833
833 832
835 870
870 835
836 870
870 836
837 2926
2926 837
837 2929
2929 837
837 3141
3141 837
837 848
848 837
839 2151
2151 839
839 2152
2152 839
839 2366
2366 839
839 2318
2318 839
840 1284
1284 840
840 847
847 840
840 2829
2829 840
840 2931
2931 840
840 2915
2915 840
840 996
996 840
840 2919
2919 840
841 870
870 841
841 876
876 841
842 854
854 842
844 870
870 844
844 3133
3133 844
844 899
899 844
845 1907
1907 845
848 1352
1352 848
848 1978
1978 848
848 2127
2127 848
849 851
851 849
849 854
854 849
850 851
851 850
850 854
854 850
852 1280
1280 852
852 858
858 852
852 889
889 852
854 856
856 854
854 870
870 854
854 871
871 854
854 880
880 854
854 2712
2712 854
856 870
870 856
856 871
871 856
856 880
880 856
857 931
931 857
858 2349
2349 858
858 1464
1464 858
858 2354
2354 858
858 2358
2358 858
858 2364
2364 858
859 916
916 859
860 1199
1199 860
860 863
863 860
860 885
885 860
862 1907
1907 862
863 1907
1907 863
863 913
913 863
864 866
866 864
865 866
866 865
868 870
870 868
869 871
871 869
869 873
873 869
870 2501
2501 870
870 2757
2757 870
870 2213
2213 870
870 914
914 870
870 920
920 870
870 922
922 870
870 923
923 870
870 929
929 870
871 1346
1346 871
871 920
920 871
871 922
922 871
871 923
923 871
875 1570
1570 875
875 973
973 875
875 1004
1004 875
875 1024
1024 875
875 1057
1057 875
875 1966
1966 875
875 1099
1099 875
876 878
878 876
878 879
879 878
878 2946
2946 878
881 1306
1306 881
882 1019
1019 882
882 1102
1102 882
883 1576
1576 883
883 901
901 883
884 919
919 884
885 933
933 885
886 2621
2621 886
887 1972
1972 887
891 1797
1797 891
892 1343
1343 892
892 2127
2127 892
892 2979
2979 892
894 2302
2302 894
896 902
902 896
897 2709
2709 897
898 916
916 898
899 919
919 899
899 924
924 899
899 928
928 899
900 901
901 900
900 1091
1091 900
902 1883
1883 902
902 2737
2737 902
904 2659
2659 904
904 924
924 904
906 2352
2352 906
906 2359
2359 906
908 1907
1907 908
910 2308
2308 910
911 924
924 911
912 1101
1101 912
913 1907
1907 913
917 1121
1121 917
919 920
920 919
920 924
924 920
920 927
927 920
921 1346
1346 921
924 3133
3133 924
924 928
928 924
926 927
927 926
929 2958
2958 929
929 3009
3009 929
933 1907
1907 933
935 961
961 935
936 2398
2398 936
937 2576
2576 937
938 2033
2033 938
939 2373
2373 939
939 2441
2441 939
940 2398
2398 940
941 1963
1963 941
942 2259
2259 942
943 1609
1609 943
943 1611
1611 943
943 1213
1213 943
944 2949
2949 944
944 2564
2564 944
944 1672
1672 944
945 2246
2246 945
945 1686
1686 945
945 2625
2625 945
946 983
983 946
947 2091
2091 947
947 2092
2092 947
947 2394
2394 947
948 2964
2964 948
948 1216
1216 948
948 1218
1218 948
950 1270
1270 950
951 2951
2951 951
952 986
986 952
953 3192
3192 953
953 1269
1269 953
954 958
958 954
954 989
989 954
955 2567
2567 955
956 1057
1057 956
956 1966
1966 956
957 1260
1260 957
958 989
989 958
959 2246
2246 959
959 1686
1686 959
959 2625
2625 959
961 977
977 961
962 1004
1004 962
963 2381
2381 963
964 1485
1485 964
965 1371
1371 965
968 2567
2567 968
969 2529
2529 969
969 2986
2986 969
969 1257
1257 969
970 1820
1820 970
971 3126
3126 971
972 1510
1510 972
972 1608
1608 972
972 3215
3215 972
972 1512
1512 972
972 1740
1740 972
972 2337
2337 972
974 2796
2796 974
974 2138
2138 974
975 2686
2686 975
975 2915
2915 975
975 2919
2919 975
976 2854
2854 976
978 1371
1371 978
980 1816
1816 980
980 1437
1437 980
981 3246
3246 981
981 2639
2639 981
982 3005
3005 982
983 984
984 983
984 1099
1099 984
985 2086
2086 985
987 1219
1219 987
988 2949
2949 988
988 2564
2564 988
988 1672
1672 988
990 1306
1306 990
991 1863
1863 991
991 2086
2086 991
996 2829
2829 996
997 1238
1238 997
998 1054
1054 998
999 2989
2989 999
1000 1320
1320 1000
1000 1092
1092 1000
1000 1109
1109 1000
1002 1098
1098 1002
1004 2113
2113 1004
1005 1689
1689 1005
1006 1094
1094 1006
1007 1104
1104 1007
1007 1118
1118 1007
1008 1099
1099 1008
1009 3038
3038 1009
1011 1012
1012 1011
1011 1068
1068 1011
1013 1071
1071 1013
1014 1117
1117 1014
1015 1231
1231 1015
1015 1237
1237 1015
1016 2083
2083 1016
1017 2110
2110 1017
1018 1082
1082 1018
1019 1102
1102 1019
1020 1062
1062 1020
1021 1847
1847 1021
1022 1568
1568 1022
1022 1696
1696 1022
1022 1117
1117 1022
1023 1031
1031 1023
1023 1069
1069 1023
1023 1750
1750 1023
1024 1057
1057 1024
1024 1966
1966 1024
1025 1847
1847 1025
1026 1104
1104 1026
1026 1105
1105 1026
1026 1118
1118 1026
1027 1058
1058 1027
1028 1085
1085 1028
1028 1086
1086 1028
1028 1087
1087 1028
1029 1075
1075 1029
1029 1076
1076 1029
1031 1069
1069 1031
1032 1110
1110 1032
1033 2817
2817 1033
1034 2446
2446 1034
1035 1078
1078 1035
1035 2291
2291 1035
1035 1108
1108 1035
1036 3200
3200 1036
1037 2911
2911 1037
1037 2464
2464 1037
1038 1040
1040 1038
1038 1091
1091 1038
1039 1091
1091 1039
1040 1091
1091 1040
1041 1090
1090 1041
1042 2288
2288 1042
1042 2489
2489 1042
1043 1147
1147 1043
1044 1120
1120 1044
1047 2766
2766 1047
1048 1049
1049 1048
1050 1051
1051 1050
1050 1053
1053 1050
1051 1052
1052 1051
1052 1053
1053 1052
1056 2850
2850 1056
1057 1966
1966 1057
1059 1117
1117 1059
1060 3224
3224 1060
1061 1093
1093 1061
1062 2363
2363 1062
1063 1348
1348 1063
1064 1115
1115 1064
1065 2754
2754 1065
1065 1406
1406 1065
1066 2593
2593 1066
1067 2724
2724 1067
1070 1422
1422 1070
1071 1072
1072 1071
1072 1966
1966 1072
1074 2168
2168 1074
1074 2173
2173 1074
1077 2770
2770 1077
1077 1970
1970 1077
1077 2839
2839 1077
1080 1117
1117 1080
1081 3032
3032 1081
1081 1106
1106 1081
1082 1847
1847 1082
1085 1086
1086 1085
1085 1088
1088 1085
1086 1087
1087 1086
1087 1088
1088 1087
1090 1757
1757 1090
1090 1239
1239 1090
1090 2611
2611 1090
1090 1765
1765 1090
1092 1320
1320 1092
1094 2468
2468 1094
1095 1096
1096 1095
1099 2113
2113 1099
1100 1747
1747 1100
1100 2860
2860 1100
1101 1231
1231 1101
1104 1105
1105 1104
1104 1118
1118 1104
1105 1118
1118 1105
1107 3204
3204 1107
1107 3050
3050 1107
1112 2591
2591 1112
1113 2591
2591 1113
1113 2617
2617 1113
1114 1847
1847 1114
1114 1116
1116 1114
1120 2309
2309 1120
1123 1229
1229 1123
1124 2469
2469 1124
1125 1126
1126 1125
1125 2397
2397 1125
1125 1693
1693 1125
1126 1542
1542 1126
1126 1552
1552 1126
1126 2907
2907 1126
1126 1128
1128 1126
1127 1542
1542 1127
1127 2208
2208 1127
1127 1552
1552 1127
1127 1563
1563 1127
1127 2657
2657 1127
1127 2041
2041 1127
1128 1551
1551 1128
1128 2907
2907 1128
1129 1437
1437 1129
1129 3250
3250 1129
1130 2204
2204 1130
1130 1306
1306 1130
1131 2372
2372 1131
1131 1134
1134 1131
1131 1140
1140 1131
1133 1140
1140 1133
1134 2369
2369 1134
1134 2401
2401 1134
1134 2432
2432 1134
1135 2760
2760 1135
1136 1144
1144 1136
1137 2899
2899 1137
1137 2523
2523 1137
1137 1756
1756 1137
1137 2407
2407 1137
1139 2432
2432 1139
1140 1141
1141 1140
1140 1145
1145 1140
1141 2035
2035 1141
1143 2971
2971 1143
1146 1148
1148 1146
1148 2035
2035 1148
1151 1314
1314 1151
1151 1427
1427 1151
1152 2453
2453 1152
1153 2679
2679 1153
1154 1771
1771 1154
1154 2641
2641 1154
1155 2798
2798 1155
1156 1159
1159 1156
1156 2434
2434 1156
1157 1219
1219 1157
1157 1487
1487 1157
1158 3082
3082 1158
1160 3020
3020 1160
1161 1166
1166 1161
1162 2331
2331 1162
1162 1167
1167 1162
1163 1708
1708 1163
1164 1682
1682 1164
1164 2331
2331 1164
1164 1167
1167 1164
1167 2331
2331 1167
1169 2092
2092 1169
1169 1411
1411 1169
1169 1416
1416 1169
1170 2907
2907 1170
1172 2907
2907 1172
1173 2683
2683 1173
1173 2684
2684 1173
1173 2685
2685 1173
1173 1559
1559 1173
1173 1639
1639 1173
1174 1181
1181 1174
1175 1806
1806 1175
1175 2435
2435 1175
1176 1585
1585 1176
1176 1801
1801 1176
1176 2805
2805 1176
1176 1177
1177 1176
1176 3116
3116 1176
1177 1766
1766 1177
1177 3153
3153 1177
1177 2534
2534 1177
1177 2537
2537 1177
1177 2654
2654 1177
1177 2233
2233 1177
1177 2392
2392 1177
1177 2076
2076 1177
1177 2550
2550 1177
1177 2061
2061 1177
1177 1643
1643 1177
1177 2317
2317 1177
1177 1305
1305 1177
1177 2554
2554 1177
1177 2555
2555 1177
1177 2104
2104 1177
1177 1221
1221 1177
1177 2435
2435 1177
1177 1396
1396 1177
1177 2579
2579 1177
1178 2622
2622 1178
1178 1636
1636 1178
1179 1559
1559 1179
1179 1636
1636 1179
1179 1639
1639 1179
1179 2908
2908 1179
1179 1181
1181 1179
1180 2789
2789 1180
1182 1183
1183 1182
1184 2211
2211 1184
1184 1577
1577 1184
1184 1627
1627 1184
1185 2255
2255 1185
1186 1577
1577 1186
1186 1627
1627 1186
1186 1661
1661 1186
1187 2211
2211 1187
1187 1577
1577 1187
1187 2255
2255 1187
1187 1189
1189 1187
1188 1219
1219 1188
1188 1489
1489 1188
1189 2255
2255 1189
1190 1327
1327 1190
1190 1570
1570 1190
1193 1469
1469 1193
1193 3178
3178 1193
1193 1791
1791 1193
1197 1920
1920 1197
1197 1315
1315 1197
1198 2754
2754 1198
1198 1786
1786 1198
1198 2201
2201 1198
1198 1207
1207 1198
1198 1630
1630 1198
1198 1654
1654 1198
1198 1675
1675 1198
1198 2906
2906 1198
1199 1356
1356 1199
1200 2088
2088 1200
1200 2686
2686 1200
1200 1556
1556 1200
1200 1557
1557 1200
1200 2907
2907 1200
1200 1972
1972 1200
1200 1563
1563 1200
1200 2516
2516 1200
1200 1572
1572 1200
1200 2220
2220 1200
1200 1981
1981 1200
1200 2366
2366 1200
1202 3161
3161 1202
1203 2038
2038 1203
1203 2868
2868 1203
1204 2754
2754 1204
1204 1574
1574 1204
1205 2932
2932 1205
1206 1210
1210 1206
1207 2754
2754 1207
1207 2093
2093 1207
1207 2044
2044 1207
1208 2764
2764 1208
1209 1371
1371 1209
1210 2092
2092 1210
1210 2137
2137 1210
1210 1630
1630 1210
1210 1223
1223 1210
1211 1371
1371 1211
1212 2568
2568 1212
1213 2405
2405 1213
1214 1766
1766 1214
1214 3153
3153 1214
1214 2537
2537 1214
1214 2076
2076 1214
1214 1643
1643 1214
1214 2317
2317 1214
1214 3134
3134 1214
1214 2554
2554 1214
1214 2555
2555 1214
1215 1585
1585 1215
1215 1801
1801 1215
1215 1589
1589 1215
1215 2805
2805 1215
1215 1305
1305 1215
1216 1297
1297 1216
1217 2541
2541 1217
1219 2385
2385 1219
1219 1996
1996 1219
1219 2199
2199 1219
1219 2045
2045 1219
1219 2433
2433 1219
1219 1826
1826 1219
1219 1828
1828 1219
1219 2838
2838 1219
1219 2098
2098 1219
1219 2582
2582 1219
1219 1489
1489 1219
1220 2093
2093 1220
1220 1617
1617 1220
1220 1253
1253 1220
1220 1634
1634 1220
1220 1664
1664 1220
1220 1675
1675 1220
1220 3230
3230 1220
1222 1588
1588 1222
1223 2059
2059 1223
1225 3114
3114 1225
1226 1253
1253 1226
1227 3190
3190 1227
1228 3258
3258 1228
1232 3001
3001 1232
1234 2952
2952 1234
1235 1498
1498 1235
1236 1248
1248 1236
1238 2607
2607 1238
1238 2886
2886 1238
1241 1315
1315 1241
1243 2269
2269 1243
1244 3236
3236 1244
1244 1899
1899 1244
1245 1276
1276 1245
1246 1690
1690 1246
1247 1414
1414 1247
1249 2089
2089 1249
1249 1345
1345 1249
1250 1299
1299 1250
1250 1818
1818 1250
1250 2891
2891 1250
1250 2436
2436 1250
1250 2192
2192 1250
1250 1824
1824 1250
1250 2624
2624 1250
1250 2176
2176 1250
1251 2746
2746 1251
1252 1299
1299 1252
1252 1818
1818 1252
1252 2891
2891 1252
1252 2436
2436 1252
1252 2192
2192 1252
1252 1824
1824 1252
1252 2624
2624 1252
1252 2176
2176 1252
1254 1487
1487 1254
1255 1808
1808 1255
1256 3210
3210 1256
1256 3148
3148 1256
1257 2992
2992 1257
1257 2529
2529 1257
1257 2986
2986 1257
1258 3037
3037 1258
1259 3210
3210 1259
1259 1810
1810 1259
1259 1818
1818 1259
1259 2891
2891 1259
1259 2667
2667 1259
1259 2192
2192 1259
1260 2719
2719 1260
1262 1700
1700 1262
1263 3119
3119 1263
1264 2736
2736 1264
1264 2366
2366 1264
1264 1273
1273 1264
1265 2068
2068 1265
1266 1267
1267 1266
1266 1268
1268 1266
1266 1270
1270 1266
1266 2128
2128 1266
1267 2346
2346 1267
1267 3008
3008 1267
1267 3178
3178 1267
1267 1284
1284 1267
1267 1268
1268 1267
1267 1270
1270 1267
1267 2128
2128 1267
1268 2841
2841 1268
1268 2842
2842 1268
1268 1312
1312 1268
1269 2962
2962 1269
1270 2128
2128 1270
1270 1271
1271 1270
1272 1416
1416 1272
1273 2800
2800 1273
1274 1681
1681 1274
1275 3178
3178 1275
1275 1835
1835 1275
1276 1278
1278 1276
1276 1279
1279 1276
1277 1278
1278 1277
1280 2598
2598 1280
1281 2907
2907 1281
1283 2498
2498 1283
1283 2499
2499 1283
1283 1574
1574 1283
1283 2093
2093 1283
1283 2366
2366 1283
1283 1927
1927 1283
1283 2000
2000 1283
1283 2972
2972 1283
1283 2258
2258 1283
1284 3191
3191 1284
1284 3194
3194 1284
1284 2619
2619 1284
1284 3222
3222 1284
1284 3239
3239 1284
1284 1442
1442 1284
1284 2366
2366 1284
1285 2106
2106 1285
1286 2865
2865 1286
1287 1562
1562 1287
1287 1291
1291 1287
1287 2201
2201 1287
1288 2187
2187 1288
1289 2907
2907 1289
1289 2039
2039 1289
1289 2507
2507 1289
1289 3075
3075 1289
1289 1580
1580 1289
1290 3072
3072 1290
1291 1562
1562 1291
1291 1564
1564 1291
1291 2201
2201 1291
1291 1577
1577 1291
1292 1465
1465 1292
1292 1466
1466 1292
1292 1467
1467 1292
1292 1468
1468 1292
1292 1469
1469 1292
1292 1470
1470 1292
1292 1787
1787 1292
1293 2806
2806 1293
1293 2810
2810 1293
1294 1949
1949 1294
1295 1481
1481 1295
1295 1436
1436 1295
1295 1818
1818 1295
1295 2624
2624 1295
1295 1488
1488 1295
1296 2129
2129 1296
1298 2692
2692 1298
1298 2742
2742 1298
1298 1947
1947 1298
1298 2393
2393 1298
1298 1948
1948 1298
1298 2552
2552 1298
1298 2645
2645 1298
1298 1670
1670 1298
1298 1675
1675 1298
1300 2382
2382 1300
1301 1593
1593 1301
1301 1623
1623 1301
1301 1952
1952 1301
1302 1502
1502 1302
1303 3190
3190 1303
1304 1862
1862 1304
1305 1801
1801 1305
1306 2060
2060 1306
1306 1885
1885 1306
1306 3249
3249 1306
1306 2162
2162 1306
1307 2808
2808 1307
1308 1456
1456 1308
1309 2804
2804 1309
1309 2968
2968 1309
1310 2972
2972 1310
1311 2986
2986 1311
1313 1859
1859 1313
1313 1941
1941 1313
1313 1942
1942 1313
1314 1761
1761 1314
1314 1427
1427 1314
1316 2602
2602 1316
1317 2919
2919 1317
1318 2140
2140 1318
1319 1792
1792 1319
1319 2062
2062 1319
1320 2451
2451 1320
1322 2019
2019 1322
1323 1490
1490 1323
1324 1832
1832 1324
1324 1325
1325 1324
1327 1763
1763 1327
1327 2350
2350 1327
1328 2887
2887 1328
1328 2503
2503 1328
1328 1330
1330 1328
1328 1334
1334 1328
1328 1335
1335 1328
1329 2353
2353 1329
1329 1524
1524 1329
1329 2411
2411 1329
1331 1333
1333 1331
1331 1334
1334 1331
1334 1335
1335 1334
1336 1980
1980 1336
1337 1840
1840 1337
1338 1554
1554 1338
1340 1550
1550 1340
1341 2907
2907 1341
1341 2041
2041 1341
1342 2496
2496 1342
1343 2197
2197 1343
1343 2059
2059 1343
1343 2930
2930 1343
1343 2039
2039 1343
1344 2039
2039 1344
1344 2149
2149 1344
1344 2852
2852 1344
1344 3205
3205 1344
1345 1969
1969 1345
1345 1545
1545 1345
1345 2092
2092 1345
1345 3076
3076 1345
1345 2511
2511 1345
1345 1567
1567 1345
1345 1509
1509 1345
1345 2221
2221 1345
1345 2310
2310 1345
1347 2955
2955 1347
1347 1348
1348 1347
1348 2955
2955 1348
1348 2872
2872 1348
1348 1831
1831 1348
1348 3046
3046 1348
1348 2600
2600 1348
1348 1861
1861 1348
1349 2039
2039 1349
1349 2852
2852 1349
1349 1872
1872 1349
1349 2911
2911 1349
1350 2756
2756 1350
1350 2758
2758 1350
1350 2759
2759 1350
1351 2187
2187 1351
1351 1558
1558 1351
1351 1788
1788 1351
1351 3099
3099 1351
1351 3160
3160 1351
1351 3222
3222 1351
1352 2134
2134 1352
1352 1969
1969 1352
1352 2686
2686 1352
1352 2907
2907 1352
1352 2740
2740 1352
1352 2649
2649 1352
1352 2039
2039 1352
1352 2507
2507 1352
1352 2041
2041 1352
1352 2127
2127 1352
1352 2979
2979 1352
1352 2960
2960 1352
1352 2853
2853 1352
1352 1872
1872 1352
1353 1358
1358 1353
1354 1871
1871 1354
1355 2843
2843 1355
1355 2825
2825 1355
1355 2509
2509 1355
1356 1979
1979 1356
1358 3191
3191 1358
1358 1473
1473 1358
1358 2210
2210 1358
1358 1787
1787 1358
1358 2865
2865 1358
1359 1976
1976 1359
1359 1607
1607 1359
1359 3013
3013 1359
1359 2569
2569 1359
1361 1988
1988 1361
1361 2254
2254 1361
1361 1660
1660 1361
1361 2732
2732 1361
1362 3208
3208 1362
1363 2316
2316 1363
1364 2496
2496 1364
1364 3240
3240 1364
1365 1775
1775 1365
1366 1648
1648 1366
1368 2803
2803 1368
1369 2810
2810 1369
1370 1888
1888 1370
1370 1616
1616 1370
1372 1397
1397 1372
1372 2851
2851 1372
1373 2643
2643 1373
1373 2870
2870 1373
1374 1776
1776 1374
1374 1394
1394 1374
1375 1645
1645 1375
1376 2370
2370 1376
1376 2419
2419 1376
1376 1823
1823 1376
1376 2194
2194 1376
1377 1481
1481 1377
1377 2624
2624 1377
1377 1488
1488 1377
1378 1602
1602 1378
1379 2764
2764 1379
1379 1767
1767 1379
1380 2764
2764 1380
1381 1460
1460 1381
1383 3010
3010 1383
1383 1528
1528 1383
1385 2723
2723 1385
1385 1932
1932 1385
1386 2828
2828 1386
1387 2370
2370 1387
1387 3083
3083 1387
1389 1435
1435 1389
1389 2396
2396 1389
1390 1640
1640 1390
1390 1890
1890 1390
1390 2429
2429 1390
1392 2372
2372 1392
1392 3190
3190 1392
1393 2386
2386 1393
1393 2415
2415 1393
1394 3212
3212 1394
1394 1776
1776 1394
1394 1827
1827 1394
1394 1893
1893 1394
1395 1958
1958 1395
1397 2368
2368 1397
1397 2716
2716 1397
1398 1489
1489 1398
1401 1414
1414 1401
1401 1739
1739 1401
1402 2960
2960 1402
1402 1727
1727 1402
1402 2296
2296 1402
1403 1409
1409 1403
1405 1723
1723 1405
1405 1738
1738 1405
1406 2313
2313 1406
1407 2261
2261 1407
1408 1433
1433 1408
1410 1770
1770 1410
1412 3205
3205 1412
1413 1446
1446 1413
1414 2069
2069 1414
1414 1607
1607 1414
1414 2753
2753 1414
1415 2326
2326 1415
1416 2754
2754 1416
1416 1850
1850 1416
1416 2868
2868 1416
1416 2994
2994 1416
1417 2604
2604 1417
1419 3023
3023 1419
1423 1840
1840 1423
1424 1731
1731 1424
1425 2344
2344 1425
1426 3255
3255 1426
1426 2327
2327 1426
1426 2037
2037 1426
1426 2478
2478 1426
1427 1761
1761 1427
1427 2701
2701 1427
1428 1736
1736 1428
1429 2522
2522 1429
1429 1680
1680 1429
1429 1685
1685 1429
1429 2626
2626 1429
1430 1770
1770 1430
1431 2036
2036 1431
1435 2177
2177 1435
1437 1816
1816 1437
1437 2248
2248 1437
1437 2814
2814 1437
1438 1440
1440 1438
1439 3045
3045 1439
1441 2149
2149 1441
1444 2374
2374 1444
1444 1807
1807 1444
1444 2240
2240 1444
1444 2655
2655 1444
1444 2623
2623 1444
1444 1893
1893 1444
1445 2833
2833 1445
1445 2646
2646 1445
1447 2053
2053 1447
1448 2859
2859 1448
1448 1533
1533 1448
1449 2907
2907 1449
1449 1789
1789 1449
1450 2234
2234 1450
1450 1668
1668 1450
1452 1726
1726 1452
1453 1864
1864 1453
1453 1867
1867 1453
1455 2907
2907 1455
1455 1850
1850 1455
1455 2514
2514 1455
1455 2722
2722 1455
1456 1459
1459 1456
1457 1610
1610 1457
1457 1461
1461 1457
1457 1488
1488 1457
1457 1672
1672 1457
1458 2342
2342 1458
1458 2382
2382 1458
1458 1459
1459 1458
1458 1460
1460 1458
1458 1461
1461 1458
1459 2382
2382 1459
1459 1488
1488 1459
1460 2138
2138 1460
1462 1463
1463 1462
1464 2205
2205 1464
1465 1466
1466 1465
1465 1468
1468 1465
1465 1469
1469 1465
1465 2222
2222 1465
1465 2124
2124 1465
1466 1469
1469 1466
1466 2222
2222 1466
1466 2124
2124 1466
1467 1469
1469 1467
1467 2124
2124 1467
1468 1469
1469 1468
1468 2222
2222 1468
1468 2124
2124 1468
1469 2620
2620 1469
1469 2222
2222 1469
1469 2124
2124 1469
1470 2222
2222 1470
1470 2124
2124 1470
1472 2518
2518 1472
1472 1477
1477 1472
1472 1478
1478 1472
1472 2796
2796 1472
1474 2134
2134 1474
1474 1969
1969 1474
1474 2090
2090 1474
1474 2686
2686 1474
1474 2209
2209 1474
1474 2907
2907 1474
1474 2127
2127 1474
1474 1760
1760 1474
1475 2907
2907 1475
1475 1754
1754 1475
1476 2219
2219 1476
1476 1492
1492 1476
1476 1493
1493 1476
1477 1478
1478 1477
1478 2518
2518 1478
1478 2796
2796 1478
1480 1482
1482 1480
1480 1650
1650 1480
1481 2831
2831 1481
1481 2624
2624 1481
1481 1488
1488 1481
1484 3034
3034 1484
1484 3035
3035 1484
1485 1985
1985 1485
1485 2525
2525 1485
1486 1487
1487 1486
1487 2831
2831 1487
1487 2668
2668 1487
1487 3027
3027 1487
1487 2257
2257 1487
1487 1488
1488 1487
1487 2894
2894 1487
1487 1489
1489 1487
1488 2309
2309 1488
1488 2624
2624 1488
1488 3027
3027 1488
1488 2257
2257 1488
1488 1672
1672 1488
1489 2004
2004 1489
1490 2189
2189 1490
1491 1732
1732 1491
1492 1493
1493 1492
1494 2455
2455 1494
1495 2673
2673 1495
1496 3203
3203 1496
1497 1769
1769 1497
1500 1502
1502 1500
1501 3000
3000 1501
1501 2058
2058 1501
1501 2828
2828 1501
1503 1505
1505 1503
1506 1507
1507 1506
1508 2306
2306 1508
1508 1975
1975 1508
1509 2089
2089 1509
1510 2682
2682 1510
1510 1542
1542 1510
1510 1552
1552 1510
1510 1976
1976 1510
1510 1608
1608 1510
1510 2313
2313 1510
1510 1679
1679 1510
1510 1512
1512 1510
1510 1740
1740 1510
1511 2682
2682 1511
1511 2306
2306 1511
1511 1975
1975 1511
1512 2313
2313 1512
1512 1679
1679 1512
1512 1740
1740 1512
1512 2337
2337 1512
1512 1513
1513 1512
1513 1976
1976 1513
1513 1679
1679 1513
1513 1740
1740 1513
1514 2850
2850 1514
1515 2538
2538 1515
1517 3249
3249 1517
1518 3249
3249 1518
1519 1520
1520 1519
1521 2126
2126 1521
1522 2898
2898 1522
1522 1875
1875 1522
1522 2202
2202 1522
1522 3158
3158 1522
1523 2070
2070 1523
1523 2619
2619 1523
1524 2411
2411 1524
1525 1992
1992 1525
1525 2195
2195 1525
1526 1621
1621 1526
1527 2944
2944 1527
1528 2375
2375 1528
1528 3010
3010 1528
1529 2033
2033 1529
1530 1538
1538 1530
1531 1833
1833 1531
1531 2079
2079 1531
1534 2031
2031 1534
1536 1850
1850 1536
1536 1816
1816 1536
1536 3007
3007 1536
1537 1538
1538 1537
1539 1903
1903 1539
1540 1956
1956 1540
1541 3065
3065 1541
1541 2201
2201 1541
1542 2312
2312 1542
1542 1642
1642 1542
1542 2596
2596 1542
1543 2953
2953 1543
1543 1562
1562 1543
1543 2422
2422 1543
1543 2054
2054 1543
1544 2907
2907 1544
1544 2041
2041 1544
1545 2089
2089 1545
1545 1851
1851 1545
1546 3015
3015 1546
1547 2686
2686 1547
1547 2907
2907 1547
1547 2039
2039 1547
1547 2073
2073 1547
1547 1566
1566 1547
1547 2852
2852 1547
1549 1568
1568 1549
1552 2836
2836 1552
1552 2312
2312 1552
1552 1642
1642 1552
1552 2596
2596 1552
1553 3178
3178 1553
1553 2222
2222 1553
1555 2826
2826 1555
1557 1769
1769 1557
1558 3060
3060 1558
1558 3061
3061 1558
1558 3062
3062 1558
1558 3063
3063 1558
1558 3064
3064 1558
1558 3065
3065 1558
1558 2070
2070 1558
1558 1788
1788 1558
1558 3099
3099 1558
1558 3160
3160 1558
1558 2517
2517 1558
1558 3102
3102 1558
1558 2666
2666 1558
1559 1906
1906 1559
1559 2201
2201 1559
1559 2527
2527 1559
1559 1639
1639 1559
1559 1641
1641 1559
1560 2090
2090 1560
1560 2686
2686 1560
1560 2929
2929 1560
1560 2907
2907 1560
1560 2039
2039 1560
1562 1969
1969 1562
1562 2953
2953 1562
1562 2510
2510 1562
1562 2201
2201 1562
1563 2059
2059 1563
1563 2907
2907 1563
1563 2039
2039 1563
1563 2912
2912 1563
1563 1982
1982 1563
1564 2201
2201 1564
1565 1567
1567 1565
1566 2073
2073 1566
1566 2214
2214 1566
1566 2852
2852 1566
1567 2089
2089 1567
1567 2305
2305 1567
1567 1771
1771 1567
1567 2961
2961 1567
1568 1696
1696 1568
1569 2907
2907 1569
1569 2039
2039 1569
1569 2507
2507 1569
1570 2087
2087 1570
1570 2958
2958 1570
1570 3009
3009 1570
1571 2039
2039 1571
1571 1851
1851 1571
1571 2041
2041 1571
1572 3143
3143 1572
1572 1852
1852 1572
1573 1967
1967 1573
1573 2852
2852 1573
1574 2754
2754 1574
1574 2783
2783 1574
1574 1634
1634 1574
1574 1654
1654 1574
1574 1679
1679 1574
1574 1740
1740 1574
1575 2219
2219 1575
1575 2220
2220 1575
1577 2211
2211 1577
1577 2201
2201 1577
1577 2096
2096 1577
1577 1661
1661 1577
1578 2187
2187 1578
1578 2907
2907 1578
1579 2307
2307 1579
1579 1872
1872 1579
1579 1873
1873 1579
1580 2502
2502 1580
1580 2686
2686 1580
1580 2507
2507 1580
1580 3167
3167 1580
1580 1984
1984 1580
1581 1919
1919 1581
1582 3231
3231 1582
1582 3260
3260 1582
1582 2161
2161 1582
1583 2620
2620 1583
1583 2222
2222 1583
1584 2148
2148 1584
1585 1801
1801 1585
1585 2805
2805 1585
1585 1635
1635 1585
1586 1616
1616 1586
1588 1603
1603 1588
1589 1643
1643 1589
1589 1663
1663 1589
1591 1640
1640 1591
1592 2557
2557 1592
1592 1646
1646 1592
1594 1657
1657 1594
1596 1815
1815 1596
1597 2150
2150 1597
1597 1615
1615 1597
1597 3021
3021 1597
1597 1860
1860 1597
1598 2159
2159 1598
1599 2725
2725 1599
1601 2402
2402 1601
1601 2935
2935 1601
1601 2571
2571 1601
1602 2394
2394 1602
1602 1774
1774 1602
1602 3042
3042 1602
1602 1827
1827 1602
1603 2219
2219 1603
1603 2226
2226 1603
1603 1641
1641 1603
1603 2033
2033 1603
1603 2707
2707 1603
1604 3173
3173 1604
1604 2227
2227 1604
1604 2544
2544 1604
1604 1931
1931 1604
1604 2459
2459 1604
1606 3173
3173 1606
1606 2227
2227 1606
1606 2544
2544 1606
1606 1931
1931 1606
1606 2459
2459 1606
1607 2543
2543 1607
1608 2313
2313 1608
1608 1632
1632 1608
1608 3214
3214 1608
1612 2565
2565 1612
1613 1645
1645 1613
1613 1659
1659 1613
1614 2553
2553 1614
1614 2707
2707 1614
1616 1888
1888 1616
1616 1889
1889 1616
1616 1619
1619 1616
1618 1673
1673 1618
1619 1888
1888 1619
1619 2252
2252 1619
1620 1906
1906 1620
1620 1639
1639 1620
1621 2408
2408 1621
1622 1645
1645 1622
1626 2682
2682 1626
1626 2182
2182 1626
1626 2183
2183 1626
1628 1788
1788 1628
1629 2255
2255 1629
1630 2913
2913 1630
1630 2093
2093 1630
1631 2231
2231 1631
1633 1653
1653 1633
1633 1657
1657 1633
1634 2093
2093 1634
1634 1664
1664 1634
1635 2762
2762 1635
1635 2805
2805 1635
1635 1643
1643 1635
1635 2579
2579 1635
1637 1651
1651 1637
1637 1665
1665 1637
1637 1666
1666 1637
1638 3155
3155 1638
1639 2527
2527 1639
1640 2761
2761 1640
1640 2107
2107 1640
1641 2522
2522 1641
1641 1656
1656 1641
1642 2312
2312 1642
1642 1995
1995 1642
1643 1766
1766 1643
1643 2762
2762 1643
1643 3153
3153 1643
1643 2537
2537 1643
1643 2654
2654 1643
1643 2076
2076 1643
1643 2550
2550 1643
1643 2317
2317 1643
1643 3134
3134 1643
1643 2554
2554 1643
1643 2555
2555 1643
1643 1663
1663 1643
1644 1663
1663 1644
1645 2820
2820 1645
1645 1659
1659 1645
1645 2097
2097 1645
1646 2557
2557 1646
1647 1948
1948 1647
1647 3135
3135 1647
1649 2402
2402 1649
1649 2935
2935 1649
1649 2571
2571 1649
1650 2247
2247 1650
1651 1665
1665 1651
1652 1657
1657 1652
1653 1656
1656 1653
1654 2093
2093 1654
1654 1664
1664 1654
1655 2311
2311 1655
1655 3074
3074 1655
1656 1657
1657 1656
1658 1696
1696 1658
1660 3054
3054 1660
1661 2366
2366 1661
1662 2570
2570 1662
1663 3242
3242 1663
1663 2076
2076 1663
1663 2317
2317 1663
1664 2093
2093 1664
1668 3173
3173 1668
1668 2802
2802 1668
1668 2695
2695 1668
1668 2809
2809 1668
1668 2723
2723 1668
1668 2697
2697 1668
1669 1900
1900 1669
1669 2440
2440 1669
1671 2821
2821 1671
1672 2624
2624 1672
1672 2008
2008 1672
1673 3041
3041 1673
1673 2109
2109 1673
1675 2093
2093 1675
1675 2645
2645 1675
1676 3136
3136 1676
1677 2836
2836 1677
1677 1678
1678 1677
1678 2836
2836 1678
1679 2754
2754 1679
1680 1685
1685 1680
1683 2333
2333 1683
1684 3031
3031 1684
1686 2366
2366 1686
1686 2335
2335 1686
1687 3163
3163 1687
1688 2264
2264 1688
1690 2860
2860 1690
1692 2938
2938 1692
1693 2619
2619 1693
1693 1710
1710 1693
1694 1696
1696 1694
1695 2264
2264 1695
1697 2998
2998 1697
1699 2921
2921 1699
1701 1733
1733 1701
1702 2122
2122 1702
1703 1733
1733 1703
1704 3137
3137 1704
1706 2592
2592 1706
1708 2277
2277 1708
1708 2133
2133 1708
1709 2019
2019 1709
1711 3237
3237 1711
1712 1737
1737 1712
1712 2485
2485 1712
1713 1714
1714 1713
1715 3043
3043 1715
1715 1751
1751 1715
1718 2626
2626 1718
1722 2706
2706 1722
1724 3198
3198 1724
1725 1742
1742 1725
1727 2296
2296 1727
1728 2083
2083 1728
1729 2025
2025 1729
1730 2590
2590 1730
1734 2449
2449 1734
1735 2466
2466 1735
1735 2190
2190 1735
1740 2754
2754 1740
1741 2778
2778 1741
1741 2779
2779 1741
1743 2466
2466 1743
1743 2190
2190 1743
1746 2463
2463 1746
1747 2860
2860 1747
1748 2815
2815 1748
1749 2114
2114 1749
1750 1955
1955 1750
1753 2824
2824 1753
1754 2485
2485 1754
1755 1756
1756 1755
1756 1882
1882 1756
1758 3182
3182 1758
1758 2889
2889 1758
1759 2901
2901 1759
1759 2283
2283 1759
1759 3225
3225 1759
1760 2907
2907 1760
1760 1916
1916 1760
1760 2073
2073 1760
1760 2956
2956 1760
1762 3106
3106 1762
1763 2350
2350 1763
1768 2419
2419 1768
1769 2672
2672 1769
1770 3145
3145 1770
1771 3206
3206 1771
1772 1788
1788 1772
1773 1774
1774 1773
1773 1775
1775 1773
1773 1776
1776 1773
1774 2394
2394 1774
1775 1776
1776 1775
1777 2339
2339 1777
1777 2788
2788 1777
1778 2756
2756 1778
1778 2758
2758 1778
1778 2759
2759 1778
1778 1815
1815 1778
1778 2713
2713 1778
1779 2073
2073 1779
1781 2758
2758 1781
1781 2759
2759 1781
1781 1815
1815 1781
1781 2713
2713 1781
1782 2620
2620 1782
1782 3178
3178 1782
1782 1794
1794 1782
1783 2264
2264 1783
1784 2686
2686 1784
1784 2907
2907 1784
1785 2513
2513 1785
1786 2360
2360 1786
1786 2657
2657 1786
1786 1790
1790 1786
1786 1978
1978 1786
1788 2197
2197 1788
1788 3064
3064 1788
1788 2630
2630 1788
1789 3222
3222 1789
1789 1978
1978 1789
1790 1946
1946 1790
1790 1978
1978 1790
1790 2041
2041 1790
1792 3169
3169 1792
1792 3232
3232 1792
1792 3233
3233 1792
1793 2070
2070 1793
1793 2686
2686 1793
1793 2907
2907 1793
1793 1978
1978 1793
1794 2620
2620 1794
1795 2996
2996 1795
1796 2641
2641 1796
1797 2690
2690 1797
1798 2513
2513 1798
1799 1978
1978 1799
1800 2956
2956 1800
1800 3217
3217 1800
1800 2884
2884 1800
1801 2805
2805 1801
1802 2525
2525 1802
1803 1948
1948 1803
1804 1856
1856 1804
1804 1859
1859 1804
1804 2723
2723 1804
1804 1932
1932 1804
1805 1948
1948 1805
1806 2435
2435 1806
1806 3156
3156 1806
1808 2402
2402 1808
1809 1819
1819 1809
1811 2536
2536 1811
1811 1825
1825 1811
1813 2888
2888 1813
1813 2889
2889 1813
1814 1923
1923 1814
1815 1963
1963 1815
1815 2713
2713 1815
1816 2661
2661 1816
1816 2704
2704 1816
1816 2679
2679 1816
1817 2423
2423 1817
1818 2891
2891 1818
1820 2425
2425 1820
1821 1959
1959 1821
1821 2883
2883 1821
1821 2436
2436 1821
1821 2437
2437 1821
1822 2950
2950 1822
1823 2387
2387 1823
1824 2176
2176 1824
1825 2536
2536 1825
1825 2997
2997 1825
1829 2744
2744 1829
1829 2553
2553 1829
1830 3123
3123 1830
1831 1911
1911 1831
1831 2065
2065 1831
1831 2066
2066 1831
1831 2674
2674 1831
1832 2591
2591 1832
1834 2834
2834 1834
1835 2782
2782 1835
1837 2918
2918 1837
1839 2675
2675 1839
1841 2191
2191 1841
1842 1937
1937 1842
1843 3223
3223 1843
1844 2480
2480 1844
1846 2166
2166 1846
1848 2728
2728 1848
1849 2105
2105 1849
1850 2514
2514 1850
1850 2722
2722 1850
1850 2695
2695 1850
1850 2399
2399 1850
1850 2723
2723 1850
1850 1932
1932 1850
1850 2450
2450 1850
1851 2903
2903 1851
1851 2305
2305 1851
1851 1977
1977 1851
1851 1872
1872 1851
1851 2961
2961 1851
1852 3084
3084 1852
1853 3017
3017 1853
1854 2714
2714 1854
1855 1859
1859 1855
1856 2665
2665 1856
1856 2565
2565 1856
1856 2580
2580 1856
1857 2695
2695 1857
1857 2253
2253 1857
1857 2697
2697 1857
1858 2827
2827 1858
1858 2575
2575 1858
1859 2827
2827 1859
1859 2665
2665 1859
1859 2565
2565 1859
1859 2580
2580 1859
1859 2586
2586 1859
1860 2072
2072 1860
1860 2695
2695 1860
1860 2158
2158 1860
1860 3079
3079 1860
1861 2454
2454 1861
1863 2086
2086 1863
1864 1867
1867 1864
1865 2698
2698 1865
1866 2698
2698 1866
1868 2698
2698 1868
1869 2093
2093 1869
1870 2500
2500 1870
1871 2895
2895 1871
1871 2652
2652 1871
1872 3098
3098 1872
1872 2209
2209 1872
1872 3087
3087 1872
1872 2903
2903 1872
1872 2307
2307 1872
1872 2220
2220 1872
1872 2221
2221 1872
1872 2804
2804 1872
1872 2830
2830 1872
1872 2047
2047 1872
1873 2134
2134 1873
1873 3087
3087 1873
1873 1919
1919 1873
1873 2182
2182 1873
1873 2804
2804 1873
1873 2183
2183 1873
1873 2941
2941 1873
1874 2496
2496 1874
1874 3175
3175 1874
1875 2514
2514 1875
1875 2722
2722 1875
1875 2723
2723 1875
1875 2055
2055 1875
1876 3176
3176 1876
1877 2936
2936 1877
1878 2583
2583 1878
1880 2899
2899 1880
1880 1924
1924 1880
1881 2790
2790 1881
1882 2899
2899 1882
1882 1924
1924 1882
1882 2523
2523 1882
1882 3240
3240 1882
1882 2395
2395 1882
1883 2737
2737 1883
1883 3247
3247 1883
1884 3010
3010 1884
1884 2560
2560 1884
1886 2178
2178 1886
1887 2125
2125 1887
1888 1889
1889 1888
1890 2765
2765 1890
1890 3208
3208 1890
1891 1892
1892 1891
1892 3182
3182 1892
1893 2747
2747 1893
1893 1895
1895 1893
1894 1896
1896 1894
1896 2743
2743 1896
1897 2138
2138 1897
1897 2421
2421 1897
1898 3138
3138 1898
1898 2627
2627 1898
1900 3175
3175 1900
1901 2506
2506 1901
1901 2215
2215 1901
1902 2687
2687 1902
1904 3045
3045 1904
1905 3016
3016 1905
1906 2201
2201 1906
1908 2533
2533 1908
1909 2878
2878 1909
1910 2262
2262 1910
1910 3058
3058 1910
1910 2780
2780 1910
1911 2973
2973 1911
1912 2907
2907 1912
1913 2073
2073 1913
1914 3257
3257 1914
1914 3015
3015 1914
1914 2907
2907 1914
1914 2852
2852 1914
1916 2945
2945 1916
1917 2146
2146 1917
1917 2907
2907 1917
1917 2999
2999 1917
1918 2498
2498 1918
1918 2092
2092 1918
1918 2736
2736 1918
1918 3132
3132 1918
1918 2220
2220 1918
1919 2206
2206 1919
1919 3018
3018 1919
1919 2907
2907 1919
1919 2039
2039 1919
1919 1974
1974 1919
1922 2862
2862 1922
1922 2041
2041 1922
1922 1983
1983 1922
1924 3184
3184 1924
1924 3185
3185 1924
1925 2057
2057 1925
1926 2746
2746 1926
1927 2246
2246 1927
1927 2096
2096 1927
1927 2000
2000 1927
1927 2972
2972 1927
1928 2809
2809 1928
1929 2832
2832 1929
1929 2488
2488 1929
1930 2563
2563 1930
1930 2846
2846 1930
1931 3173
3173 1931
1932 2723
2723 1932
1932 2055
2055 1932
1933 2631
2631 1933
1933 2633
2633 1933
1934 3123
3123 1934
1935 2047
2047 1935
1938 2939
2939 1938
1939 3193
3193 1939
1939 2284
2284 1939
1940 2648
2648 1940
1941 2948
2948 1941
1941 3244
3244 1941
1944 2064
2064 1944
1945 2101
2101 1945
1945 3172
3172 1945
1946 2657
2657 1946
1946 2307
2307 1946
1946 1947
1947 1946
1948 2692
2692 1948
1948 2694
2694 1948
1948 1949
1949 1948
1948 2688
2688 1948
1948 2645
2645 1948
1949 2688
2688 1949
1950 1953
1953 1950
1950 2669
2669 1950
1951 2104
2104 1951
1953 3068
3068 1953
1954 3218
3218 1954
1957 3008
3008 1957
1957 2782
2782 1957
1958 3117
3117 1958
1958 3258
3258 1958
1959 2426
2426 1959
1959 2436
2436 1959
1960 3256
3256 1960
1960 2987
2987 1960
1960 3227
3227 1960
1961 2539
2539 1961
1962 2403
2403 1962
1964 2833
2833 1964
1964 2646
2646 1964
1965 2786
2786 1965
1965 2595
2595 1965
1967 2305
2305 1967
1967 2556
2556 1967
1968 2907
2907 1968
1969 2089
2089 1969
1969 2209
2209 1969
1969 2835
2835 1969
1971 2682
2682 1971
1971 2689
2689 1971
1971 2041
2041 1971
1971 2691
2691 1971
1973 2134
2134 1973
1973 2686
2686 1973
1973 2907
2907 1973
1973 2039
2039 1973
1973 3087
3087 1973
1973 3222
3222 1973
1975 2682
2682 1975
1975 2498
2498 1975
1975 2907
2907 1975
1975 3075
3075 1975
1975 2360
2360 1975
1978 2689
2689 1978
1978 2862
2862 1978
1978 2147
2147 1978
1978 2907
2907 1978
1978 3087
3087 1978
1978 2360
2360 1978
1978 2657
2657 1978
1978 2307
2307 1978
1978 2641
2641 1978
1978 3222
3222 1978
1978 2691
2691 1978
1978 2362
2362 1978
1980 2907
2907 1980
1982 2039
2039 1982
1983 2090
2090 1983
1983 2907
2907 1983
1983 2945
2945 1983
1983 2073
2073 1983
1983 2979
2979 1983
1983 3216
3216 1983
1984 2993
2993 1984
1984 2686
2686 1984
1986 2858
2858 1986
1986 2026
2026 1986
1987 2417
2417 1987
1987 2123
2123 1987
1989 3185
3185 1989
1989 2043
2043 1989
1990 2095
2095 1990
1990 2033
2033 1990
1991 2854
2854 1991
1992 2368
2368 1992
1992 2716
2716 1992
1992 2195
2195 1992
1992 2814
2814 1992
1993 3155
3155 1993
1993 2823
2823 1993
1994 2997
2997 1994
1997 2403
2403 1997
1998 2553
2553 1998
1999 2159
2159 1999
2000 2096
2096 2000
2001 2820
2820 2001
2001 2097
2097 2001
2002 2078
2078 2002
2003 2007
2007 2003
2005 2806
2806 2005
2005 2810
2810 2005
2005 2256
2256 2005
2009 3091
3091 2009
2010 2011
2011 2010
2012 3196
3196 2012
2013 2324
2324 2013
2014 2024
2024 2014
2014 2029
2029 2014
2015 2024
2024 2015
2017 2271
2271 2017
2018 3146
3146 2018
2021 3201
3201 2021
2022 2023
2023 2022
2024 2699
2699 2024
2024 3044
3044 2024
2024 2029
2029 2024
2024 2338
2338 2024
2027 2575
2575 2027
2031 3051
3051 2031
2033 2549
2549 2033
2033 2095
2095 2033
2034 2974
2974 2034
2034 2452
2452 2034
2036 2658
2658 2036
2037 3255
3255 2037
2037 3128
3128 2037
2037 2327
2327 2037
2037 3129
3129 2037
2038 3191
3191 2038
2039 2134
2134 2039
2039 2197
2197 2039
2039 3231
3231 2039
2039 2502
2502 2039
2039 2209
2209 2039
2039 3015
3015 2039
2039 2198
2198 2039
2039 2930
2930 2039
2039 3087
3087 2039
2039 2507
2507 2039
2039 2912
2912 2039
2039 2149
2149 2039
2039 2641
2641 2039
2039 3206
3206 2039
2039 3222
3222 2039
2039 3167
3167 2039
2040 2686
2686 2040
2041 2187
2187 2041
2041 2682
2682 2041
2041 3062
3062 2041
2041 2689
2689 2041
2041 3063
3063 2041
2041 3064
3064 2041
2041 3065
3065 2041
2041 2861
2861 2041
2041 2059
2059 2041
2041 2307
2307 2041
2041 2641
2641 2041
2041 3206
3206 2041
2041 3222
3222 2041
2041 2691
2691 2041
2041 2362
2362 2041
2041 2517
2517 2041
2041 2218
2218 2041
2041 3101
3101 2041
2041 3102
3102 2041
2041 2630
2630 2041
2042 3213
3213 2042
2043 3240
3240 2043
2043 3190
3190 2043
2044 2754
2754 2044
2044 2556
2556 2044
2045 3213
3213 2045
2046 2645
2645 2046
2048 2338
2338 2048
2048 3262
3262 2048
2049 2741
2741 2049
2049 2278
2278 2049
2050 2278
2278 2050
2052 2675
2675 2052
2054 2637
2637 2054
2055 2723
2723 2055
2055 3007
3007 2055
2055 2143
2143 2055
2056 2057
2057 2056
2058 3000
3000 2058
2059 2930
2930 2059
2059 2641
2641 2059
2059 3206
3206 2059
2059 2127
2127 2059
2060 2843
2843 2060
2063 2809
2809 2063
2067 2702
2702 2067
2069 2220
2220 2069
2070 3062
3062 2070
2070 3064
3064 2070
2070 3099
3099 2070
2070 3222
3222 2070
2070 2517
2517 2070
2070 2630
2630 2070
2070 2715
2715 2070
2070 2688
2688 2070
2071 2073
2073 2071
2071 2700
2700 2071
2071 2082
2082 2071
2072 2955
2955 2072
2072 3011
3011 2072
2073 2907
2907 2073
2073 2361
2361 2073
2073 2149
2149 2073
2073 2956
2956 2073
2074 2075
2075 2074
2076 3153
3153 2076
2077 2953
2953 2077
2081 2571
2571 2081
2081 3096
3096 2081
2082 2700
2700 2082
2084 2316
2316 2084
2085 3186
3186 2085
2085 2245
2245 2085
2085 2560
2560 2085
2086 2170
2170 2086
2088 2092
2092 2088
2088 2999
2999 2088
2088 2093
2093 2088
2088 3100
3100 2088
2089 2092
2092 2089
2089 3076
3076 2089
2089 2511
2511 2089
2089 2221
2221 2089
2089 2310
2310 2089
2090 2092
2092 2090
2090 3222
3222 2090
2091 2754
2754 2091
2091 2497
2497 2091
2091 2508
2508 2091
2091 2999
2999 2091
2091 3100
3100 2091
2091 2220
2220 2091
2091 2942
2942 2091
2092 2754
2754 2092
2092 2497
2497 2092
2092 2508
2508 2092
2092 2999
2999 2092
2092 2306
2306 2092
2092 3222
3222 2092
2092 2201
2201 2092
2092 2093
2093 2092
2092 3100
3100 2092
2092 2220
2220 2092
2092 2962
2962 2092
2092 2607
2607 2092
2092 2942
2942 2092
2093 2201
2201 2093
2093 2783
2783 2093
2093 2230
2230 2093
2093 2417
2417 2093
2094 2748
2748 2094
2096 2438
2438 2096
2096 2972
2972 2096
2097 2820
2820 2097
2099 2102
2102 2099
2103 3219
3219 2103
2107 2761
2761 2107
2108 2934
2934 2108
2109 2496
2496 2109
2109 3180
3180 2109
2112 2115
2115 2112
2116 2745
2745 2116
2117 2590
2590 2117
2118 2119
2119 2118
2121 2787
2787 2121
2123 2417
2417 2123
2124 2848
2848 2124
2127 2930
2930 2127
2127 2959
2959 2127
2129 2366
2366 2129
2129 2318
2318 2129
2129 3230
3230 2129
2131 2994
2994 2131
2132 2896
2896 2132
2134 2863
2863 2134
2134 2209
2209 2134
2134 2907
2907 2134
2134 2930
2930 2134
2134 2304
2304 2134
2134 3087
3087 2134
2134 2507
2507 2134
2134 2149
2149 2134
2135 2201
2201 2135
2136 2319
2319 2136
2139 2215
2215 2139
2139 2881
2881 2139
2139 2884
2884 2139
2141 2681
2681 2141
2142 2676
2676 2142
2143 2851
2851 2143
2146 3000
3000 2146
2147 2187
2187 2147
2147 2862
2862 2147
2147 2907
2907 2147
2147 2153
2153 2147
2148 2187
2187 2148
2148 2907
2907 2148
2149 2863
2863 2149
2149 2907
2907 2149
2149 2507
2507 2149
2150 2945
2945 2150
2150 3079
3079 2150
2151 2907
2907 2151
2151 2152
2152 2151
2151 2224
2224 2151
2153 2360
2360 2153
2155 2400
2400 2155
2155 2162
2162 2155
2157 3109
3109 2157
2157 2580
2580 2157
2160 2316
2316 2160
2161 3260
3260 2161
2163 2585
2585 2163
2164 2165
2165 2164
2167 2364
2364 2167
2167 3049
3049 2167
2168 2173
2173 2168
2169 2170
2170 2169
2169 2171
2171 2169
2170 2171
2171 2170
2170 2316
2316 2170
2172 2477
2477 2172
2174 3049
3049 2174
2175 2477
2477 2175
2176 2192
2192 2176
2176 2194
2194 2176
2179 2180
2180 2179
2183 2804
2804 2183
2184 2185
2185 2184
2186 2785
2785 2186
2187 2864
2864 2187
2187 2907
2907 2187
2187 2867
2867 2187
2187 2641
2641 2187
2188 2754
2754 2188
2191 2707
2707 2191
2193 2486
2486 2193
2195 2368
2368 2195
2195 2716
2716 2195
2197 2862
2862 2197
2197 2907
2907 2197
2197 2198
2198 2197
2197 3222
3222 2197
2198 2907
2907 2198
2199 2741
2741 2199
2199 2744
2744 2199
2199 2553
2553 2199
2199 2970
2970 2199
2200 2269
2269 2200
2201 2754
2754 2201
2201 2356
2356 2201
2201 2366
2366 2201
2202 2660
2660 2202
2202 3158
3158 2202
2204 2693
2693 2204
2206 2246
2246 2206
2207 2741
2741 2207
2208 3075
3075 2208
2208 2641
2641 2208
2208 3206
3206 2208
2209 2907
2907 2209
2209 2507
2507 2209
2209 2979
2979 2209
2209 2960
2960 2209
2209 2853
2853 2209
2212 2686
2686 2212
2212 2912
2912 2212
2212 3075
3075 2212
2214 2686
2686 2214
2214 2852
2852 2214
2215 2884
2884 2215
2216 2928
2928 2216
2216 2686
2686 2216
2216 2907
2907 2216
2216 2507
2507 2216
2216 3115
3115 2216
2216 2515
2515 2216
2216 2852
2852 2216
2217 2448
2448 2217
2218 3060
3060 2218
2218 3061
3061 2218
2218 3062
3062 2218
2218 2708
2708 2218
2218 3063
3063 2218
2218 3064
3064 2218
2218 3065
3065 2218
2218 3222
3222 2218
2218 2517
2517 2218
2218 3036
3036 2218
2218 3102
3102 2218
2218 3066
3066 2218
2218 2630
2630 2218
2218 2688
2688 2218
2219 2220
2220 2219
2220 2907
2907 2220
2220 2641
2641 2220
2220 2366
2366 2220
2221 3076
3076 2221
2221 2310
2310 2221
2222 2300
2300 2222
2223 2907
2907 2223
2224 2367
2367 2224
2225 2299
2299 2225
2225 3241
3241 2225
2225 2340
2340 2225
2227 2814
2814 2227
2228 2624
2624 2228
2228 2259
2259 2228
2229 2951
2951 2229
2230 2235
2235 2230
2230 2668
2668 2230
2230 2582
2582 2230
2232 3154
3154 2232
2235 2582
2582 2235
2236 2582
2582 2236
2238 2915
2915 2238
2239 2947
2947 2239
2242 2316
2316 2242
2243 2404
2404 2243
2244 3174
3174 2244
2244 2249
2249 2244
2245 2915
2915 2245
2245 2253
2253 2245
2246 2972
2972 2246
2246 2258
2258 2246
2248 2827
2827 2248
2248 2665
2665 2248
2249 2512
2512 2249
2249 2529
2529 2249
2249 2382
2382 2249
2249 2774
2774 2249
2250 2642
2642 2250
2251 2414
2414 2251
2251 2846
2846 2251
2253 3039
3039 2253
2253 2695
2695 2253
2254 3054
3054 2254
2255 2406
2406 2255
2255 2668
2668 2255
2257 2997
2997 2257
2257 2624
2624 2257
2257 3027
3027 2257
2261 3095
3095 2261
2262 3058
3058 2262
2263 2495
2495 2263
2264 3245
3245 2264
2265 2446
2446 2265
2267 3264
3264 2267
2268 2584
2584 2268
2269 2647
2647 2269
2270 2952
2952 2270
2271 2786
2786 2271
2272 2726
2726 2272
2272 2910
2910 2272
2273 3264
3264 2273
2274 2874
2874 2274
2274 2974
2974 2274
2274 2295
2295 2274
2277 2792
2792 2277
2280 3070
3070 2280
2280 2988
2988 2280
2282 3177
3177 2282
2283 2901
2901 2283
2283 3220
3220 2283
2283 3225
3225 2283
2285 2340
2340 2285
2287 2638
2638 2287
2287 2298
2298 2287
2288 3164
3164 2288
2289 2876
2876 2289
2290 2328
2328 2290
2292 2479
2479 2292
2294 2781
2781 2294
2294 2952
2952 2294
2295 2974
2974 2295
2297 2937
2937 2297
2297 2609
2609 2297
2298 2638
2638 2298
2299 3241
3241 2299
2299 3028
3028 2299
2299 2340
2340 2299
2304 2686
2686 2304
2304 2907
2907 2304
2306 2468
2468 2306
2307 2689
2689 2307
2307 2907
2907 2307
2307 2691
2691 2307
2310 3076
3076 2310
2315 3003
3003 2315
2320 2622
2622 2320
2321 2933
2933 2321
2322 2428
2428 2322
2323 3260
3260 2323
2325 2922
2922 2325
2329 2816
2816 2329
2330 2674
2674 2330
2334 2487
2487 2334
2335 2736
2736 2335
2335 2366
2366 2335
2335 2625
2625 2335
2337 3215
3215 2337
2339 2770
2770 2339
2340 3028
3028 2340
2342 2382
2382 2342
2343 2653
2653 2343
2345 2798
2798 2345
2346 3222
3222 2346
2346 3239
3239 2346
2347 2730
2730 2347
2353 2709
2709 2353
2354 2355
2355 2354
2357 2945
2945 2357
2360 2862
2862 2360
2360 3075
3075 2360
2360 2657
2657 2360
2360 3222
3222 2360
2362 2907
2907 2362
2362 2641
2641 2362
2362 2852
2852 2362
2366 3222
3222 2366
2366 2829
2829 2366
2366 2931
2931 2366
2366 3230
3230 2366
2366 2919
2919 2366
2368 2695
2695 2368
2369 2827
2827 2369
2369 3130
3130 2369
2370 3083
3083 2370
2370 2427
2427 2370
2371 2531
2531 2371
2373 2441
2441 2373
2374 3212
3212 2374
2377 2633
2633 2377
2379 3086
3086 2379
2383 2413
2413 2383
2384 2806
2806 2384
2384 2810
2810 2384
2384 3047
3047 2384
2385 3037
3037 2385
2386 2424
2424 2386
2391 2662
2662 2391
2391 2892
2892 2391
2391 2667
2667 2391
2394 3055
3055 2394
2397 2580
2580 2397
2399 2723
2723 2399
2399 3151
3151 2399
2402 3086
3086 2402
2405 2763
2763 2405
2407 2558
2558 2407
2410 2496
2496 2410
2410 3180
3180 2410
2410 3175
3175 2410
2415 2424
2424 2415
2418 2419
2419 2418
2419 2741
2741 2419
2420 3022
3022 2420
2427 3083
3083 2427
2429 3140
3140 2429
2431 2432
2432 2431
2432 2434
2434 2432
2436 3089
3089 2436
2436 2437
2437 2436
2437 2985
2985 2437
2439 2983
2983 2439
2440 2496
2496 2440
2443 2915
2915 2443
2444 2642
2642 2444
2445 3239
3239 2445
2445 2703
2703 2445
2446 3107
3107 2446
2447 3171
3171 2447
2450 2459
2459 2450
2450 3151
3151 2450
2454 2460
2460 2454
2455 2859
2859 2455
2456 2458
2458 2456
2457 2458
2458 2457
2459 3151
3151 2459
2461 2734
2734 2461
2462 2940
2940 2462
2465 2644
2644 2465
2465 2488
2488 2465
2467 2750
2750 2467
2469 2677
2677 2469
2470 3157
3157 2470
2471 2782
2782 2471
2473 2877
2877 2473
2474 3171
3171 2474
2475 2942
2942 2475
2475 2616
2616 2475
2480 2923
2923 2480
2481 3120
3120 2481
2482 2977
2977 2482
2483 2484
2484 2483
2483 3111
3111 2483
2484 3111
3111 2484
2488 2644
2644 2488
2491 2619
2619 2491
2492 3105
3105 2492
2494 3094
3094 2494
2496 2547
2547 2496
2496 3175
3175 2496
2497 3191
3191 2497
2498 2686
2686 2498
2499 2686
2686 2499
2499 2907
2907 2499
2499 2619
2619 2499
2499 2507
2507 2499
2500 2770
2770 2500
2500 2839
2839 2500
2502 2907
2907 2502
2502 2507
2507 2502
2502 3075
3075 2502
2503 2729
2729 2503
2504 2656
2656 2504
2505 3064
3064 2505
2507 3257
3257 2507
2507 2907
2907 2507
2507 3087
3087 2507
2507 2912
2912 2507
2507 2956
2956 2507
2507 3167
3167 2507
2508 2907
2907 2508
2509 2825
2825 2509
2512 3221
3221 2512
2512 3069
3069 2512
2513 3029
3029 2513
2515 3115
3115 2515
2516 2907
2907 2516
2516 2649
2649 2516
2516 2800
2800 2516
2517 3060
3060 2517
2517 3062
3062 2517
2517 2708
2708 2517
2517 3063
3063 2517
2517 3064
3064 2517
2517 3065
3065 2517
2517 3036
3036 2517
2517 3102
3102 2517
2517 2630
2630 2517
2519 2798
2798 2519
2523 2899
2899 2523
2524 2547
2547 2524
2526 2564
2564 2526
2528 3010
3010 2528
2528 2560
2560 2528
2533 2905
2905 2533
2535 2810
2810 2535
2537 3134
3134 2537
2537 2554
2554 2537
2537 2555
2555 2537
2538 3185
3185 2538
2540 3067
3067 2540
2542 3240
3240 2542
2543 3005
3005 2543
2544 3173
3173 2544
2544 3151
3151 2544
2545 2934
2934 2545
2553 2735
2735 2553
2553 2696
2696 2553
2554 3153
3153 2554
2554 3134
3134 2554
2554 2555
2555 2554
2555 3153
3153 2555
2555 3134
3134 2555
2559 3119
3119 2559
2559 3123
3123 2559
2559 2902
2902 2559
2560 3010
3010 2560
2565 3142
3142 2565
2565 2566
2566 2565
2566 3036
3036 2566
2575 2827
2827 2575
2575 3109
3109 2575
2577 2668
2668 2577
2579 2762
2762 2579
2580 3142
3142 2580
2580 2661
2661 2580
2580 2665
2665 2580
2581 2650
2650 2581
2581 2635
2635 2581
2594 2652
2652 2594
2598 3025
3025 2598
2599 3188
3188 2599
2600 3046
3046 2600
2603 3238
3238 2603
2605 2784
2784 2605
2606 2901
2901 2606
2607 2754
2754 2607
2609 2937
2937 2609
2609 2943
2943 2609
2615 2895
2895 2615
2615 2652
2652 2615
2616 2942
2942 2616
2618 2879
2879 2618
2619 2783
2783 2619
2620 3209
3209 2620
2624 3027
3027 2624
2627 3138
3138 2627
2628 2629
2629 2628
2628 3099
3099 2628
2629 3099
3099 2629
2630 2708
2708 2630
2630 2907
2907 2630
2630 3036
3036 2630
2630 3066
3066 2630
2631 2633
2633 2631
2632 2743
2743 2632
2632 3013
3013 2632
2635 3150
3150 2635
2636 3195
3195 2636
2639 3246
3246 2639
2640 2680
2680 2640
2641 2907
2907 2641
2642 3004
3004 2642
2642 2738
2738 2642
2642 2668
2668 2642
2646 2833
2833 2646
2649 2930
2930 2649
2651 2897
2897 2651
2656 2721
2721 2656
2656 2907
2907 2656
2657 3222
3222 2657
2658 2995
2995 2658
2660 2898
2898 2660
2663 2845
2845 2663
2666 2791
2791 2666
2669 3068
3068 2669
2671 2854
2854 2671
2674 3202
3202 2674
2675 2935
2935 2675
2682 2862
2862 2682
2682 3222
3222 2682
2686 2708
2708 2686
2686 3064
3064 2686
2686 3065
3065 2686
2686 2857
2857 2686
2686 2903
2903 2686
2689 2907
2907 2689
2689 3222
3222 2689
2691 2907
2907 2691
2691 3222
3222 2691
2692 2871
2871 2692
2695 2722
2722 2695
2695 2802
2802 2695
2695 2760
2760 2695
2695 3112
3112 2695
2695 3113
3113 2695
2695 2844
2844 2695
2695 3248
3248 2695
2695 2809
2809 2695
2695 2814
2814 2695
2697 2722
2722 2697
2698 3137
3137 2698
2708 3062
3062 2708
2708 3063
3063 2708
2708 3066
3066 2708
2710 2987
2987 2710
2710 3165
3165 2710
2711 2978
2978 2711
2711 3081
3081 2711
2716 2858
2858 2716
2716 2837
2837 2716
2718 3033
3033 2718
2720 2739
2739 2720
2724 2730
2730 2724
2725 3114
3114 2725
2725 2917
2917 2725
2727 2752
2752 2727
2731 3149
3149 2731
2732 3054
3054 2732
2735 2744
2744 2735
2736 3132
3132 2736
2748 3263
3263 2748
2748 2880
2880 2748
2749 2894
2894 2749
2755 2914
2914 2755
2756 2759
2759 2756
2758 2759
2759 2758
2763 2764
2764 2763
2768 2818
2818 2768
2771 3097
3097 2771
2772 2862
2862 2772
2776 3080
3080 2776
2777 2942
2942 2777
2778 2779
2779 2778
2792 3059
3059 2792
2794 3222
3222 2794
2795 2945
2945 2795
2797 2907
2907 2797
2798 3090
3090 2798
2798 2799
2799 2798
2803 2966
2966 2803
2803 2809
2809 2803
2807 2944
2944 2807
2809 3112
3112 2809
2809 3113
3113 2809
2809 2966
2966 2809
2809 2822
2822 2809
2811 3078
3078 2811
2812 3143
3143 2812
2813 3170
3170 2813
2813 3256
3256 2813
2814 3173
3173 2814
2819 2869
2869 2819
2823 3155
3155 2823
2828 3000
3000 2828
2830 2890
2890 2830
2831 2847
2847 2831
2832 3088
3088 2832
2836 3074
3074 2836
2852 2907
2907 2852
2852 3115
3115 2852
2852 3092
3092 2852
2855 2907
2907 2855
2855 2866
2866 2855
2856 2865
2865 2856
2857 2907
2907 2857
2857 2866
2866 2857
2861 2907
2907 2861
2862 3063
3063 2862
2862 2907
2907 2862
2862 3102
3102 2862
2863 2907
2907 2863
2863 3087
3087 2863
2866 2867
2867 2866
2872 2900
2900 2872
2872 2873
2873 2872
2874 2974
2974 2874
2882 3091
3091 2882
2892 2897
2897 2892
2893 3118
3118 2893
2898 3191
3191 2898
2901 3225
3225 2901
2902 3125
3125 2902
2903 2961
2961 2903
2907 3098
3098 2907
2907 3060
3060 2907
2907 3062
3062 2907
2907 2927
2927 2907
2907 3064
3064 2907
2907 2993
2993 2907
2907 3065
3065 2907
2907 3231
3231 2907
2907 3169
3169 2907
2907 3232
3232 2907
2907 3233
3233 2907
2907 2996
2996 2907
2907 3015
3015 2907
2907 2945
2945 2907
2907 3087
3087 2907
2907 2912
2912 2907
2907 3053
3053 2907
2907 3181
3181 2907
2907 3144
3144 2907
2907 3206
3206 2907
2907 3222
3222 2907
2907 2956
2956 2907
2907 2979
2979 2907
2907 3101
3101 2907
2907 2959
2959 2907
2908 3073
3073 2908
2915 3186
3186 2915
2916 3000
3000 2916
2920 3123
3123 2920
2927 3144
3144 2927
2936 3234
3234 2936
2944 2964
2964 2944
2951 3114
3114 2951
2956 2979
2979 2956
2957 3221
3221 2957
2958 3009
3009 2958
2962 3192
3192 2962
2963 3039
3039 2963
2963 3186
3186 2963
2965 2970
2970 2965
2967 2968
2968 2967
2973 2976
2976 2973
2975 3123
3123 2975
2978 3081
3081 2978
2980 3209
3209 2980
2982 3002
3002 2982
2984 3252
3252 2984
2984 3253
3253 2984
2987 3170
3170 2987
2987 3165
3165 2987
2990 3097
3097 2990
2991 3111
3111 2991
2997 3027
3027 2997
3008 3191
3191 3008
3014 3104
3104 3014
3026 3261
3261 3026
3029 3083
3083 3029
3030 3057
3057 3030
3036 3062
3062 3036
3036 3160
3160 3036
3040 3130
3130 3040
3052 3147
3147 3052
3056 3168
3168 3056
3060 3061
3061 3060
3060 3062
3062 3060
3060 3063
3063 3060
3060 3064
3064 3060
3060 3065
3065 3060
3060 3160
3160 3060
3060 3102
3102 3060
3061 3064
3064 3061
3062 3066
3066 3062
3063 3066
3066 3063
3064 3066
3066 3064
3069 3221
3221 3069
3069 3070
3070 3069
3071 3132
3132 3071
3072 3131
3131 3072
3075 3222
3222 3075
3077 3078
3078 3077
3085 3089
3089 3085
3088 3213
3213 3088
3108 3162
3162 3108
3110 3126
3126 3110
3118 3211
3211 3118
3119 3125
3125 3119
3121 3123
3123 3121
3122 3123
3123 3122
3123 3124
3124 3123
3126 3127
3127 3126
3134 3153
3153 3134
3165 3256
3256 3165
3170 3256
3256 3170
3175 3180
3180 3175
3175 3240
3240 3175
3179 3252
3252 3179
3179 3253
3253 3179
3184 3185
3185 3184
3184 3190
3190 3184
3185 3190
3190 3185
3189 3250
3250 3189
3197 3198
3198 3197
3228 3229
3229 3228
3243 3244
3244 3243
